.frames = 51
.line   2000
.col   2001
.indexStart   2002
.line_length = 36
.pixel_index   2003
.frame_count   2004
.val   2005
start:
    0000  LDA #0
    0002  STA line
    0004  LDA #0
    0006  STA col
    0008  LDA #$100
    000A  STA pixel_index
    000C  LDA #(frames)
    000E  STA frame_count
    0010  LDA #$7000
    0012  STA indexStart
loop:
    0014  LDA [pixel_index], 0
    0016  STA val
    0018  CMP #6969
    001A  BEQ DrawMultiple
    001C  LDA val
    001E  STA $6DE0
    0020  JSR add_char
DrawMultipleEnd:
    0022  INC pixel_index
    0024  LDA line
    0026  CMP #18
    0028  BEQ reset
    002A  JMP loop
reset:
    002C  DUP
    002D  LDA #0
    002F  STA line
    0031  LDA #0
    0033  STA col
    0035  DEC frame_count
    0037  BEQ start
    0039  JMP loop
DrawMultiple:
.MultipleCount   2006
    003B  INC pixel_index
    003D  LDA [pixel_index], 0
    003F  STA val
    0041  INC pixel_index
    0043  LDA [pixel_index], 0
    0045  STA MultipleCount
DrawMultipleLoop:
    0047  LDA val
    0049  STA $6DE0
    004B  JSR add_char
    004D  DEC MultipleCount
    004F  BEQ DrawMultipleEnd
    0051  JMP DrawMultipleLoop
add_char:
.index   2007
    0053  LDA $6DE0
    0055  PHA
    0056  LDA #(line_length)
    0058  STA $6DE0
    005A  LDA line
    005C  STA $6DE1
    005E  JSR mul
    0060  ADD col
    0062  ADD indexStart
    0064  STA index
    0066  PLA
    0067  STA $6DE0
    0069  STA [index], 0
    006B  LDA col
    006D  SUB #(line_length-1)
    006F  BEQ else
    0071  INC col
    0073  JMP end
else:
    0075  JSR new_line
end:
    0077  RTS
new_line:
    0078  INC line
    007A  LDA #0
    007C  STA col
    007E  RTS
sleep:
    007F  LDA #100
sleep_loop:
    0081  SUB #1
    0083  BEQ sleep_end
    0085  NOP
    0086  JMP sleep_loop
sleep_end:
    0088  RTS
mul:
    0089  LDA #0
loop_mul:
    008B  LDX $6DE1
    008D  BEQ end_mul
    008F  ADD $6DE0
    0091  DEC $6DE1
    0093  JMP loop_mul
end_mul:
    0095  RTS
    0096  ` $100
    0098  : 2 6969 2 12 6969 1 17 6969 2 4 1 1 1 6969 2 5 1 6969 2 4 6969 1 4 2 2 6969 1 5 2 2 2 1 1 1 2 2 2 1 1 2 1 1 1 6969 2 16 1 1 2 2 2 6969 1 7 6969 2 5 6969 1 4 6969 2 14 1 1 1 6969 2 5 6969 1 4 6969 2 7 1 1 6969 2 17 69 0 0 68 71 2 2 1 1 2 1 1 2 2 2 1 1 6969 2 18 71 69 69 70 69 68 2 2 6969 1 4 2 2 1 1 1 2 2 2 1 6969 2 15 68 69 68 70 70 71 2 2 1 1 1 2 1 1 2 2 1 6969 2 9 1 1 6969 2 5 1 2 2 70 69 69 70 71 2 6969 1 4 6969 2 4 1 6969 2 5 1 1 6969 2 4 1 2 6969 1 5 2 1 68 69 70 70 6969 1 4 2 2 1 1 1 2 1 2 1 6969 2 5 1 2 2 2 6969 1 5 71 6969 0 5 69 69 69 1 69 6969 1 11 6969 2 4 1 1 1 2 1 2 6969 1 4 6969 0 4 68 0 1 70 1 68 68 68 0 1 2 1 1 2 1 1 2 2 2 1 1 2 1 2 2 1 1 1 2 1 1 70 6969 0 6 71 68 70 0 68 68 68 6969 1 4 71 1 6969 2 7 6969 1 4 2 2 71 1 1 70 6969 0 6 68 71 69 6969 0 4 1 1 71 71 1 2 1 1 2 2 1 2 2 1 2 1 2 6969 1 4 68 6969 0 8 70 6969 0 5 6969 1 4 2 2 2 1 2 2 2 1 2 1 2 1 2 1 1 71 1 0 69 6969 0 7 70 6969 0 5 6969 1 5 2 6969 1 4 2 1 2 6969 1 5 2 71 1 6969 0 9 70 6969 0 5 1 1 1 71 2 6969 1 10 71 1 2 1 1 1 0 71 69 68 6969 0 5 68 68 68 6969 0 4 6969 1 13 2 6969 1 7 68 68 6969 0 5 70 71 68 68 6969 0 4 68 69 69 70 6969 1 5 2 2
    009A  : 2 6969 2 12 6969 1 18 2 2 2 1 1 1 6969 2 5 1 6969 2 4 6969 1 4 2 2 6969 1 5 2 2 2 1 1 1 2 2 2 1 1 2 1 1 1 6969 2 16 1 2 2 2 6969 1 8 6969 2 5 6969 1 4 6969 2 14 1 1 1 6969 2 5 6969 1 4 6969 2 7 1 1 6969 2 17 68 0 68 68 69 2 2 1 1 2 1 1 2 2 2 1 1 6969 2 18 71 69 69 70 70 68 2 2 6969 1 4 2 2 1 1 1 2 2 2 1 6969 2 15 68 69 70 70 69 1 2 2 1 1 1 2 2 1 6969 2 12 1 1 6969 2 5 1 2 2 71 69 69 70 1 2 6969 1 4 6969 2 4 1 6969 2 5 1 1 6969 2 4 6969 1 7 2 70 68 69 69 70 6969 1 4 2 2 1 1 1 2 1 2 1 6969 2 5 1 2 2 2 6969 1 5 69 6969 0 5 69 69 70 69 68 6969 1 6 2 6969 1 4 6969 2 4 1 1 1 2 1 2 2 1 1 1 6969 0 4 68 0 68 1 1 68 68 68 0 1 2 1 1 2 1 1 2 2 2 1 1 2 1 2 2 1 1 1 2 71 1 69 6969 0 6 69 1 68 0 68 68 68 1 1 71 1 71 1 6969 2 7 6969 1 5 2 71 1 1 68 6969 0 6 70 70 70 0 0 68 0 1 1 71 1 1 2 1 1 2 2 1 2 2 1 2 1 2 6969 1 4 70 6969 0 7 68 68 69 6969 0 4 6969 1 4 2 2 2 1 2 2 2 1 2 1 2 6969 1 4 71 1 6969 0 8 68 68 69 0 0 0 68 6969 1 5 2 1 1 1 2 2 1 2 6969 1 5 2 71 1 68 6969 0 7 69 0 69 68 0 0 0 1 1 1 71 2 6969 1 5 2 1 2 1 1 71 1 2 1 1 1 68 69 69 69 6969 0 4 68 6969 0 7 6969 1 20 71 68 6969 0 6 70 71 69 68 0 69 0 0 0 69 69 68 69 6969 1 4 2 1
    009C  : 2 6969 2 12 6969 1 18 6969 2 4 1 1 6969 2 10 6969 1 4 2 2 6969 1 5 2 2 2 1 1 1 2 2 2 6969 1 6 6969 2 16 1 2 2 2 6969 1 8 6969 2 5 6969 1 4 6969 2 14 6969 1 4 6969 2 4 6969 1 4 6969 2 7 1 1 6969 2 16 71 68 0 0 0 69 2 2 1 1 2 1 1 2 2 2 1 1 6969 2 18 69 69 69 71 70 69 2 2 6969 1 4 2 2 1 1 1 2 2 2 1 6969 2 15 69 69 69 70 69 1 2 2 1 1 1 2 2 1 6969 2 12 1 1 6969 2 5 1 2 2 69 69 70 70 1 2 6969 1 4 6969 2 4 1 6969 2 5 1 1 6969 2 4 6969 1 7 71 68 68 69 69 70 6969 1 4 2 2 1 1 1 2 1 2 1 6969 2 4 1 6969 2 4 6969 1 5 68 6969 0 5 1 69 69 69 68 6969 1 6 2 6969 1 4 6969 2 4 1 1 1 2 1 2 2 1 2 71 6969 0 4 68 0 71 71 1 68 68 0 68 1 2 1 1 2 1 1 2 2 2 1 1 2 1 2 2 1 1 1 2 71 1 68 6969 0 6 70 69 70 0 68 68 68 1 1 71 1 71 1 6969 2 7 6969 1 5 2 71 1 1 6969 0 7 68 71 68 0 0 68 0 1 1 71 1 1 2 1 1 6969 2 5 1 2 1 2 1 71 1 1 70 6969 0 8 70 6969 0 5 6969 1 4 2 2 2 1 2 2 2 1 2 1 2 6969 1 4 71 1 68 6969 0 7 69 70 0 68 0 0 6969 1 10 2 2 1 2 1 2 1 1 2 2 71 1 69 6969 0 8 69 68 68 0 0 0 6969 1 9 2 2 1 2 1 1 71 1 2 2 1 1 68 69 69 68 6969 0 4 68 68 6969 0 6 71 6969 1 19 69 69 6969 0 6 70 71 69 0 0 71 0 0 0 68 68 69 69 6969 1 4 2 1
    009E  : 2 6969 2 5 1 2 2 2 1 2 2 6969 1 18 6969 2 4 1 1 6969 2 4 1 6969 2 5 6969 1 4 2 2 6969 1 5 2 2 2 1 1 1 2 2 2 1 1 2 1 1 1 6969 2 16 1 2 2 2 6969 1 8 6969 2 5 6969 1 4 6969 2 14 1 1 68 0 0 0 2 6969 1 5 6969 2 7 1 1 6969 2 16 68 69 69 69 70 1 2 2 1 1 2 1 1 2 2 2 1 1 6969 2 18 68 69 69 69 70 2 2 2 6969 1 4 2 2 1 1 1 2 2 2 1 6969 2 15 71 69 69 70 1 1 2 2 1 1 1 2 2 1 6969 2 12 1 1 6969 2 4 1 1 2 69 69 69 71 1 1 2 6969 1 4 6969 2 4 1 6969 2 5 1 1 6969 2 4 6969 1 5 68 6969 0 4 69 69 70 68 1 1 1 2 2 1 1 1 2 1 2 1 6969 2 4 1 6969 2 4 6969 1 4 71 6969 0 4 68 0 1 70 1 68 68 68 6969 1 5 2 6969 1 4 6969 2 4 1 1 1 2 1 2 2 1 2 68 6969 0 4 68 0 69 71 6969 68 4 1 1 2 1 1 2 1 1 2 2 2 1 1 2 1 2 2 1 1 1 2 71 1 70 6969 0 6 68 1 68 0 0 68 1 1 1 71 1 71 1 6969 2 7 6969 1 4 2 2 71 1 69 6969 0 8 71 70 0 0 68 1 1 1 71 1 1 2 1 6969 2 6 1 2 1 2 1 71 1 70 6969 0 9 70 69 0 0 68 6969 1 5 2 2 2 1 2 2 2 1 2 1 2 6969 1 5 68 0 0 70 6969 0 6 68 68 0 0 0 70 6969 1 9 2 2 1 2 1 2 1 1 2 2 1 6969 0 10 69 0 68 6969 0 4 6969 1 8 2 2 1 2 1 1 71 1 2 1 1 6969 0 9 70 70 68 68 0 69 0 0 0 68 69 69 6969 1 15 70 70 68 6969 0 6 70 71 70 68 0 71 1 1 0 69 71 71 70 71 1 1 1 2 1
    00A0  : 2 6969 2 4 1 1 2 2 2 1 2 2 1 1 2 6969 1 15 6969 2 4 1 1 6969 2 4 1 6969 2 5 6969 1 4 2 2 6969 1 5 2 2 2 1 1 1 2 2 2 1 1 2 1 1 1 6969 2 14 1 2 1 71 69 71 6969 1 8 6969 2 5 6969 1 4 6969 2 14 1 68 6969 0 4 2 6969 1 5 6969 2 7 1 1 6969 2 16 68 69 70 71 70 1 2 2 1 1 2 1 1 2 2 2 1 1 6969 2 17 1 69 69 69 70 1 2 2 2 6969 1 4 2 2 1 1 1 2 2 2 1 6969 2 12 1 2 2 69 69 69 70 1 1 2 2 1 1 2 2 2 1 6969 2 9 1 2 2 1 1 6969 2 4 1 70 0 0 69 71 71 1 1 2 6969 1 4 6969 2 4 1 6969 2 5 1 1 6969 2 4 1 2 1 1 68 0 0 0 68 0 1 70 70 68 68 1 1 2 2 1 1 1 2 1 2 1 6969 2 4 1 6969 2 4 6969 1 4 68 6969 0 4 68 68 70 70 1 68 68 68 6969 1 5 2 6969 1 4 6969 2 4 1 1 1 2 1 2 2 1 1 6969 0 5 68 68 68 71 71 68 68 68 1 1 2 1 1 2 1 1 2 2 1 1 1 2 1 2 2 2 1 1 2 1 68 6969 0 7 68 69 69 0 0 68 6969 1 7 6969 2 7 6969 1 4 2 2 71 1 6969 0 9 69 69 68 68 6969 1 4 71 1 1 2 1 6969 2 4 1 2 1 2 1 1 1 71 1 68 6969 0 9 70 68 0 0 0 6969 1 5 2 2 2 1 2 2 2 1 2 1 2 6969 1 5 0 0 0 68 6969 0 6 68 6969 0 5 6969 1 9 2 2 1 2 6969 1 4 2 2 69 0 0 69 6969 0 7 70 0 68 6969 0 5 6969 1 8 2 1 2 6969 1 4 2 1 6969 0 11 70 70 68 0 69 71 0 68 68 68 69 70 6969 1 9 71 1 1 1 6969 0 11 71 70 70 0 6969 1 12 2 1
    00A2  : 2 6969 2 5 1 2 2 2 1 2 2 6969 1 17 6969 2 5 1 1 6969 2 4 1 6969 2 5 6969 1 4 2 2 6969 1 5 2 2 2 1 1 1 2 2 2 1 1 2 1 1 1 6969 2 16 71 0 0 68 6969 1 8 6969 2 5 6969 1 4 6969 2 14 71 0 69 69 69 68 2 6969 1 5 6969 2 4 1 2 2 1 1 6969 2 15 1 69 68 69 69 70 1 2 2 1 1 2 1 1 2 2 2 1 1 6969 2 17 1 69 69 69 70 6969 2 4 6969 1 4 2 2 1 1 6969 2 4 1 6969 2 8 1 2 2 1 1 2 70 68 69 70 1 1 1 2 2 1 1 2 2 2 1 6969 2 9 6969 1 5 6969 2 4 69 0 0 0 69 1 71 1 1 2 6969 1 4 6969 2 4 1 6969 2 5 1 1 6969 2 4 1 2 1 1 68 0 0 0 68 0 1 70 70 68 68 1 1 2 2 1 1 1 2 1 2 1 6969 2 4 1 1 2 2 2 6969 1 4 6969 0 6 68 68 1 70 68 68 68 6969 1 5 2 6969 1 4 6969 2 4 1 1 1 2 1 2 2 1 1 6969 0 6 68 68 71 71 68 68 1 1 1 2 1 1 2 1 1 2 2 1 1 1 2 1 2 2 2 1 1 2 1 69 6969 0 8 69 71 0 0 6969 1 8 6969 2 7 6969 1 5 2 71 71 6969 0 9 69 70 0 68 71 1 1 1 71 1 1 2 1 6969 2 4 1 2 1 2 1 2 1 71 1 6969 0 10 68 0 0 0 68 6969 1 5 2 2 2 1 2 2 2 1 2 1 2 6969 1 5 0 0 1 69 6969 0 7 70 6969 0 4 6969 1 9 2 2 1 2 6969 1 4 2 2 0 0 0 68 6969 0 7 69 68 68 6969 0 4 68 70 71 6969 1 6 2 1 2 6969 1 4 2 68 0 0 1 6969 0 8 68 70 70 0 0 1 1 1 69 71 69 6969 1 13 0 0 69 6969 0 9 70 70 70 0 71 6969 1 13
    00A4  : 2 6969 2 9 1 2 2 6969 1 16 6969 2 6 1 1 6969 2 10 1 1 1 2 2 2 6969 1 5 2 2 2 1 1 1 2 2 2 1 1 2 1 1 1 6969 2 15 1 0 0 68 0 6969 1 8 6969 2 5 6969 1 4 6969 2 14 68 69 70 70 70 1 2 6969 1 5 6969 2 4 1 2 2 1 1 6969 2 15 68 6969 69 4 1 1 2 2 1 1 2 1 1 2 2 2 1 1 6969 2 17 6969 69 4 70 6969 2 4 6969 1 4 2 2 1 1 1 6969 2 9 1 2 2 1 2 2 1 1 2 70 69 69 70 1 1 1 2 2 1 1 2 1 1 1 6969 2 10 6969 1 4 2 2 2 1 70 0 68 0 1 70 71 69 1 2 6969 1 4 6969 2 4 1 6969 2 5 1 1 6969 2 4 1 2 1 1 68 0 0 0 68 0 68 69 70 68 68 6969 1 7 2 1 2 1 6969 2 4 1 1 2 2 2 6969 1 4 69 68 6969 0 4 68 68 68 1 68 68 6969 1 6 2 6969 1 4 2 2 2 6969 1 4 2 1 2 2 1 1 68 6969 0 6 68 71 1 0 68 1 1 1 2 1 1 2 1 1 2 2 1 1 1 2 1 2 2 2 6969 1 4 6969 0 10 71 0 0 6969 1 8 6969 2 5 1 2 6969 1 5 2 71 6969 0 11 70 0 0 71 1 1 1 71 1 1 6969 2 6 1 2 1 2 1 2 1 71 1 6969 0 11 69 0 0 69 6969 1 5 2 2 2 1 2 2 2 1 2 1 2 6969 1 4 68 0 0 1 6969 0 13 6969 1 8 2 2 2 1 2 6969 1 4 2 1 0 0 68 70 6969 0 8 69 6969 0 4 68 68 69 71 6969 1 6 2 1 2 71 1 1 1 2 0 0 0 1 68 6969 0 8 68 70 0 68 1 1 1 71 71 6969 1 13 0 0 0 1 70 6969 0 9 68 70 0 71 6969 1 11 2 1
    00A6  : 2 6969 2 12 6969 1 18 6969 2 4 1 1 6969 2 10 1 2 1 1 2 2 6969 1 5 2 2 2 1 1 1 2 2 2 1 1 2 1 1 1 6969 2 15 71 0 0 0 69 6969 1 7 6969 2 6 6969 1 4 6969 2 13 1 0 69 70 70 69 2 2 6969 1 5 6969 2 4 1 2 2 1 1 6969 2 13 1 2 69 68 68 69 70 1 1 2 2 1 1 2 1 1 2 2 2 1 1 6969 2 17 68 69 69 69 70 6969 2 4 6969 1 4 2 2 1 1 6969 2 10 1 2 2 1 2 2 1 1 2 71 69 69 70 1 1 1 2 2 1 1 1 2 1 1 6969 2 10 6969 1 4 6969 2 4 1 68 68 0 71 70 70 68 1 2 6969 1 4 6969 2 4 1 6969 2 5 1 1 6969 2 4 1 2 1 1 69 0 0 0 68 0 0 69 71 68 68 6969 1 7 2 1 2 1 6969 2 5 1 2 2 2 6969 1 4 71 6969 0 5 68 68 71 1 68 68 6969 1 6 2 6969 1 4 6969 2 4 1 1 1 2 1 2 2 1 1 6969 0 7 68 71 71 0 68 1 1 1 2 1 1 2 1 1 2 2 1 1 1 2 1 2 2 2 6969 1 4 69 6969 0 7 68 0 70 0 0 6969 1 8 6969 2 7 6969 1 4 2 2 71 71 6969 0 9 68 68 0 68 71 1 1 1 71 1 1 6969 2 8 1 2 1 1 1 71 1 68 6969 0 13 6969 1 6 2 2 2 1 2 2 2 1 2 1 2 6969 1 4 68 0 0 68 6969 0 13 6969 1 8 2 2 2 1 2 6969 1 4 2 1 0 0 0 71 6969 0 7 68 6969 0 4 68 68 69 70 6969 1 7 2 1 2 6969 1 4 2 0 0 0 1 68 6969 0 7 68 0 70 0 71 1 1 70 69 71 6969 1 13 0 0 0 1 1 6969 0 8 68 0 70 0 71 6969 1 13
    00A8  : 2 6969 2 12 6969 1 17 6969 2 5 1 1 6969 2 10 1 2 1 1 2 2 6969 1 5 2 2 2 1 1 1 2 2 2 1 1 2 1 1 1 6969 2 15 68 0 68 68 2 6969 1 7 6969 2 6 6969 1 4 6969 2 13 69 0 0 68 70 1 2 2 6969 1 5 6969 2 4 1 2 2 1 6969 2 14 1 71 69 69 70 69 1 1 1 2 2 1 1 2 1 1 2 2 2 1 1 6969 2 16 1 68 69 69 70 71 6969 2 4 6969 1 4 2 2 1 1 6969 2 10 1 2 2 1 2 2 1 1 1 70 69 69 70 1 1 1 2 2 1 1 1 2 1 1 6969 2 11 1 1 1 6969 2 4 1 1 68 0 69 70 70 68 1 2 6969 1 4 6969 2 4 1 6969 2 5 1 1 6969 2 4 1 2 1 1 1 71 0 0 68 0 71 69 68 1 68 69 6969 1 6 2 1 2 1 6969 2 5 1 2 2 2 6969 1 4 71 6969 0 4 68 68 68 70 69 69 68 6969 1 6 2 6969 1 4 6969 2 4 1 1 1 2 1 2 1 1 1 71 6969 0 5 68 68 1 70 1 68 6969 1 6 2 1 1 2 2 1 1 1 2 1 2 2 2 6969 1 5 6969 0 7 68 0 71 1 68 6969 1 8 6969 2 7 6969 1 4 2 2 71 1 6969 0 9 68 71 71 68 71 6969 1 6 6969 2 8 1 2 1 1 1 71 1 71 6969 0 9 68 0 0 0 71 6969 1 5 2 2 2 1 2 2 2 1 2 1 2 6969 1 5 6969 0 10 68 6969 0 4 71 6969 1 8 2 2 2 1 2 6969 1 4 2 1 0 0 0 69 6969 0 7 68 6969 0 4 68 69 69 6969 1 10 2 6969 1 6 0 0 68 71 6969 0 11 1 1 1 69 69 6969 1 15 0 0 0 1 1 6969 0 7 68 0 0 0 71 6969 1 10 2 1 1
    00AA  : 2 6969 2 12 6969 1 17 6969 2 5 1 1 6969 2 10 1 2 1 1 2 2 6969 1 5 2 2 2 1 1 1 2 2 2 1 1 2 1 1 1 6969 2 15 1 71 1 2 2 6969 1 7 6969 2 6 6969 1 4 6969 2 13 0 0 0 68 69 1 2 2 6969 1 5 6969 2 4 1 2 2 1 6969 2 14 1 68 69 70 71 69 1 1 2 2 2 1 1 2 1 1 2 2 2 1 1 6969 2 15 1 68 68 69 71 70 1 6969 2 4 6969 1 4 2 2 1 1 6969 2 10 1 2 2 1 2 2 1 1 1 69 69 70 70 1 1 1 2 2 1 1 1 2 1 1 6969 2 11 1 1 1 6969 2 4 1 1 1 69 69 69 70 69 1 2 6969 1 4 6969 2 4 1 6969 2 5 1 1 6969 2 4 1 2 6969 1 5 0 68 0 1 69 71 1 68 68 6969 1 6 2 1 2 1 6969 2 5 1 2 2 2 6969 1 4 71 70 68 0 0 68 68 68 71 70 68 68 69 6969 1 5 2 6969 1 4 6969 2 4 1 1 1 2 1 2 1 1 1 71 6969 0 4 68 68 68 71 70 69 68 68 1 1 2 1 1 2 1 1 2 2 1 1 1 2 1 2 2 2 6969 1 5 71 6969 0 5 68 68 0 71 69 68 68 6969 1 7 6969 2 7 6969 1 4 2 2 71 1 1 6969 0 8 68 71 71 68 6969 1 4 71 1 1 2 1 6969 2 6 1 2 1 1 1 71 1 1 68 6969 0 9 68 68 0 71 6969 1 5 2 2 2 1 2 2 2 1 2 1 2 6969 1 6 6969 0 9 68 6969 0 4 69 6969 1 8 2 1 2 1 2 6969 1 4 2 1 1 69 0 0 68 6969 0 6 68 6969 0 4 68 69 70 6969 1 8 2 1 2 6969 1 7 0 0 0 1 6969 0 6 68 0 0 0 1 71 1 0 71 6969 1 17 0 0 69 1 6969 0 6 68 0 0 0 6969 1 14
    00AC  : 2 6969 2 4 1 6969 2 7 6969 1 17 6969 2 4 1 1 1 6969 2 10 1 2 1 1 2 2 6969 1 5 2 2 2 1 1 1 2 2 2 1 1 2 1 1 1 6969 2 16 1 6969 2 4 6969 1 6 6969 2 6 6969 1 4 6969 2 13 0 68 68 68 2 1 2 2 6969 1 5 6969 2 4 1 2 2 1 6969 2 14 68 0 69 71 71 1 1 1 2 2 2 1 1 2 1 1 2 2 2 1 1 6969 2 15 1 69 68 70 69 70 1 6969 2 4 6969 1 4 2 2 1 1 6969 2 10 1 2 2 1 2 2 1 1 69 69 69 70 1 1 1 2 2 2 6969 1 6 6969 2 11 1 1 1 6969 2 4 1 1 1 69 69 69 1 1 1 2 6969 1 4 6969 2 4 1 6969 2 6 1 6969 2 4 1 2 6969 1 5 70 68 71 69 69 71 68 68 68 6969 1 6 2 1 2 1 6969 2 4 1 1 2 2 2 6969 1 4 71 1 69 0 68 68 68 1 1 1 69 68 68 6969 1 5 2 6969 1 4 6969 2 4 1 1 1 2 1 2 1 1 1 71 6969 0 4 68 68 68 70 69 1 68 68 1 1 2 1 1 2 1 1 2 2 1 1 1 2 1 2 2 2 1 71 2 1 1 71 6969 0 4 68 68 68 69 0 70 0 68 6969 1 7 2 2 2 1 2 2 2 6969 1 4 2 2 6969 1 4 6969 0 5 68 0 68 70 0 68 68 6969 1 6 2 1 6969 2 6 1 2 1 1 1 71 1 1 1 6969 0 9 70 0 0 0 6969 1 5 2 2 2 1 2 2 2 1 2 1 2 6969 1 6 70 6969 0 12 68 0 6969 1 8 2 1 2 1 2 6969 1 4 2 1 1 1 68 6969 0 14 69 70 6969 1 7 2 2 1 2 1 2 6969 1 6 6969 0 9 68 0 68 0 68 68 1 0 71 6969 1 18 6969 0 12 68 71 6969 1 13
    00AE  : 2 6969 2 12 6969 1 17 6969 2 4 1 1 1 6969 2 10 1 2 1 1 2 2 6969 1 4 6969 2 4 1 1 1 2 2 2 1 1 2 6969 1 4 6969 2 15 1 1 2 2 2 6969 1 6 6969 2 6 6969 1 4 6969 2 13 69 68 68 1 2 1 2 2 6969 1 5 6969 2 4 1 6969 2 17 0 0 68 71 68 71 1 1 2 2 2 1 1 2 1 1 2 2 2 1 1 6969 2 13 1 2 69 69 69 71 70 71 1 6969 2 4 6969 1 4 2 2 1 1 6969 2 13 1 2 2 1 69 69 69 71 70 2 1 1 2 2 2 6969 1 6 6969 2 9 1 2 1 1 1 6969 2 4 1 1 1 69 70 69 1 1 1 2 6969 1 4 6969 2 4 1 6969 2 6 1 6969 2 4 1 2 6969 1 5 2 68 69 68 69 70 68 68 68 71 1 2 1 1 1 2 1 2 1 6969 2 4 1 1 2 2 2 6969 1 4 71 1 1 0 68 68 69 1 70 1 6969 68 4 6969 1 4 2 6969 1 4 6969 2 4 1 1 1 2 1 2 1 1 1 71 68 68 68 0 68 0 70 69 1 1 68 68 68 1 2 1 1 2 1 1 2 2 1 1 1 2 1 2 2 2 1 71 2 1 1 71 6969 0 4 68 68 68 69 71 1 68 68 71 6969 1 6 2 2 2 1 2 2 2 6969 1 4 2 2 6969 1 4 6969 0 4 68 68 0 68 68 69 68 68 70 1 1 71 1 1 2 1 6969 2 8 1 1 1 71 1 1 1 71 6969 0 5 68 0 0 69 68 0 68 0 6969 1 4 2 2 2 1 2 2 2 1 2 1 2 6969 1 7 6969 0 9 68 0 0 68 0 0 6969 1 7 2 2 2 1 2 6969 1 4 2 6969 1 4 6969 0 14 68 70 71 6969 1 7 2 1 2 1 1 71 6969 1 6 6969 0 10 69 0 0 1 69 68 70 6969 1 19 6969 0 11 69 0 6969 1 13
    00B0  : 2 6969 2 4 1 6969 2 7 6969 1 17 6969 2 4 1 1 1 6969 2 10 1 2 1 1 2 2 6969 1 4 6969 2 4 1 1 1 2 2 2 1 1 2 6969 1 4 6969 2 15 1 1 2 2 2 6969 1 6 6969 2 6 6969 1 4 6969 2 13 6969 1 4 2 2 2 6969 1 6 6969 2 4 1 6969 2 14 1 2 69 68 68 68 0 1 71 1 1 2 2 2 1 1 2 1 1 2 2 2 1 1 6969 2 13 1 71 69 69 70 71 69 1 1 6969 2 4 6969 1 4 2 2 1 1 6969 2 11 1 2 1 2 2 1 69 69 71 70 71 2 1 1 2 2 2 1 1 1 2 1 1 6969 2 12 1 1 6969 2 4 1 71 69 70 71 69 1 1 1 2 6969 1 4 6969 2 4 1 6969 2 6 1 6969 2 4 1 2 6969 1 5 2 1 69 69 69 1 6969 68 4 1 2 1 1 1 2 1 2 1 6969 2 5 1 2 2 2 6969 1 4 71 1 1 71 0 68 69 69 70 1 6969 68 4 6969 1 4 2 6969 1 4 6969 2 4 1 1 1 2 1 2 1 1 1 71 1 0 68 0 0 71 1 1 71 6969 68 5 2 1 1 2 1 1 2 2 1 1 1 6969 2 5 1 71 2 1 1 71 0 0 0 68 68 0 71 69 69 71 6969 68 4 6969 1 5 2 2 2 1 2 2 2 6969 1 4 2 2 6969 1 4 6969 0 4 68 0 0 71 69 0 68 68 0 0 71 1 1 1 2 1 6969 2 6 1 2 1 1 1 71 6969 1 4 6969 0 8 71 0 0 68 0 0 70 1 1 2 2 2 1 2 2 2 1 2 1 2 6969 1 8 6969 0 8 71 69 0 68 0 0 0 6969 1 6 2 2 2 1 2 6969 1 9 71 6969 0 7 6969 68 4 0 0 68 69 69 6969 1 6 2 2 1 2 1 1 71 1 1 2 1 1 1 69 6969 0 7 68 0 0 69 0 0 71 69 69 6969 1 19 68 6969 0 7 68 0 70 70 69 0 70 6969 1 11
    00B2  : 2 6969 2 4 1 6969 2 6 6969 1 18 6969 2 4 1 1 1 6969 2 9 1 1 2 1 1 2 2 6969 1 5 2 2 2 1 1 1 2 2 2 1 1 2 6969 1 4 6969 2 15 1 6969 2 4 6969 1 6 6969 2 6 6969 1 4 6969 2 13 6969 1 4 2 1 2 6969 1 6 6969 2 4 1 6969 2 14 1 2 70 6969 68 4 1 71 2 1 2 2 2 1 1 2 1 1 2 2 2 1 1 6969 2 13 1 71 69 69 71 70 69 1 1 6969 2 4 6969 1 4 2 2 1 1 6969 2 13 1 2 2 1 68 69 68 70 69 2 1 1 2 2 2 1 1 1 2 1 1 6969 2 12 1 1 6969 2 4 1 71 68 70 71 69 1 1 1 2 6969 1 4 6969 2 4 1 6969 2 5 1 6969 2 5 1 2 6969 1 6 70 69 69 69 71 0 68 68 68 2 2 1 1 1 2 1 2 1 6969 2 5 1 2 2 2 6969 1 7 71 71 68 69 69 70 1 6969 68 5 1 1 1 2 6969 1 4 6969 2 4 1 1 1 2 1 2 6969 1 4 2 70 68 0 0 71 1 1 1 6969 68 5 1 1 1 2 1 1 2 2 1 1 1 6969 2 5 1 71 2 1 1 71 6969 0 4 68 0 68 70 1 6969 68 4 0 68 6969 1 4 6969 2 7 6969 1 4 2 2 6969 1 4 6969 0 4 68 0 0 68 71 71 68 68 0 0 0 70 1 1 2 1 6969 2 6 1 2 1 1 1 71 6969 1 4 68 6969 0 6 68 68 71 0 68 0 0 0 68 1 2 2 2 1 2 2 2 1 2 1 2 6969 1 8 6969 0 7 68 0 68 69 68 6969 0 4 6969 1 6 2 2 1 2 6969 1 10 6969 0 7 6969 68 4 0 0 0 69 69 6969 1 6 2 2 1 2 1 1 71 1 1 2 6969 1 4 6969 0 7 68 0 68 68 0 0 0 68 69 6969 1 20 6969 0 7 68 0 70 70 69 0 0 68 6969 1 10
    00B4  : 2 6969 2 4 1 6969 2 6 6969 1 18 6969 2 4 1 1 1 6969 2 9 6969 1 5 2 2 6969 1 5 2 2 2 1 1 1 2 2 2 1 1 2 1 1 1 6969 2 16 1 6969 2 4 6969 1 6 6969 2 6 6969 1 4 6969 2 13 6969 1 4 2 1 2 6969 1 6 6969 2 4 1 2 2 1 6969 2 14 68 0 68 68 71 71 1 1 2 2 2 1 1 2 1 1 1 2 2 1 6969 2 14 1 71 68 69 71 70 68 1 1 6969 2 4 6969 1 4 2 2 1 1 6969 2 13 1 2 2 1 69 69 69 70 69 2 1 1 1 2 2 1 1 1 2 1 1 6969 2 12 1 1 6969 2 4 1 71 69 69 70 69 1 1 1 2 6969 1 4 6969 2 4 1 6969 2 5 1 6969 2 5 1 2 6969 1 6 6969 69 4 70 69 70 70 71 2 2 1 1 1 2 1 2 1 6969 2 5 1 2 2 2 6969 1 7 71 71 68 69 68 70 1 6969 68 5 1 1 1 2 6969 1 4 6969 2 4 1 1 1 2 71 2 6969 1 6 0 0 0 71 1 71 1 6969 68 5 69 1 1 2 1 1 2 2 1 1 1 6969 2 5 1 1 2 1 1 71 6969 0 4 68 0 1 68 69 71 68 68 68 0 0 71 1 1 1 6969 2 7 6969 1 4 2 2 6969 1 4 6969 0 4 68 0 0 71 0 68 68 68 6969 0 4 71 1 2 1 2 2 2 1 2 2 1 2 1 1 1 71 6969 1 4 68 6969 0 6 71 69 0 0 68 68 0 0 0 69 2 2 2 1 2 2 2 1 2 1 2 6969 1 7 2 6969 0 8 71 0 0 68 0 0 68 0 0 6969 1 5 2 2 1 2 6969 1 10 6969 0 7 68 71 68 68 0 0 69 69 68 69 6969 1 5 2 2 1 2 1 1 71 1 1 2 1 1 1 71 6969 0 7 68 0 0 68 68 0 0 68 69 1 2 6969 1 18 68 6969 0 6 68 0 70 70 69 0 0 0 69 6969 1 9
    00B6  : 2 6969 2 4 1 6969 2 6 6969 1 18 6969 2 4 1 1 1 6969 2 9 6969 1 5 2 2 6969 1 5 2 2 2 1 1 1 2 2 2 1 1 2 1 1 1 6969 2 16 1 6969 2 4 6969 1 6 6969 2 6 6969 1 4 6969 2 13 6969 1 4 2 1 2 6969 1 6 6969 2 4 1 2 2 1 6969 2 14 68 0 68 68 71 71 1 1 2 2 2 1 1 2 1 1 1 2 2 1 6969 2 14 1 71 68 69 71 70 68 1 1 6969 2 4 6969 1 4 2 2 1 1 6969 2 13 1 2 2 1 69 69 69 70 69 2 1 1 1 2 2 1 1 1 2 1 1 6969 2 12 1 1 6969 2 4 1 71 69 69 70 69 1 1 1 2 6969 1 4 6969 2 4 1 6969 2 5 1 6969 2 5 1 2 6969 1 6 6969 69 4 70 69 70 70 71 2 2 1 1 1 2 1 2 1 6969 2 5 1 2 2 2 6969 1 7 71 71 68 69 68 70 1 6969 68 5 1 1 1 2 6969 1 4 6969 2 4 1 1 1 2 71 2 6969 1 6 0 0 0 71 1 71 1 6969 68 5 69 1 1 2 1 1 2 2 1 1 1 6969 2 5 1 1 2 1 1 71 6969 0 4 68 0 1 68 69 71 68 68 68 0 0 71 1 1 1 6969 2 7 6969 1 4 2 2 6969 1 4 6969 0 4 68 0 0 71 0 68 68 68 6969 0 4 71 1 2 1 2 2 2 1 2 2 1 2 1 1 1 71 6969 1 4 68 6969 0 6 71 69 0 0 68 68 0 0 0 69 2 2 2 1 2 2 2 1 2 1 2 6969 1 7 2 6969 0 8 71 0 0 68 0 0 68 0 0 6969 1 5 2 2 1 2 6969 1 10 6969 0 7 68 71 68 68 0 0 69 69 68 69 6969 1 5 2 2 1 2 1 1 71 1 1 2 1 1 1 71 6969 0 7 68 0 0 68 68 0 0 68 69 1 2 6969 1 18 68 6969 0 6 68 0 70 70 69 0 0 0 69 6969 1 9
    00B8  : 2 6969 2 11 6969 1 18 6969 2 4 1 1 1 6969 2 9 6969 1 5 2 2 6969 1 5 2 2 2 1 1 1 2 2 2 1 1 2 1 1 1 6969 2 14 1 2 1 2 2 2 6969 1 7 6969 2 6 1 1 2 1 6969 2 13 6969 1 4 6969 2 4 1 1 2 1 1 6969 2 4 1 6969 2 17 70 68 0 68 68 71 1 1 2 2 2 1 1 2 1 1 1 2 2 1 6969 2 4 1 6969 2 9 1 2 68 68 71 70 68 1 1 6969 2 4 6969 1 4 2 2 1 1 6969 2 13 1 2 2 1 69 68 69 69 70 2 1 1 1 2 2 1 1 1 2 1 2 2 1 6969 2 10 1 1 6969 2 4 1 1 69 69 70 69 1 1 2 2 6969 1 4 6969 2 4 1 6969 2 6 1 6969 2 4 1 2 6969 1 6 2 69 69 69 70 6969 1 5 2 1 1 1 2 1 2 1 6969 2 4 1 1 2 2 2 6969 1 7 71 71 71 68 68 70 71 6969 68 5 1 1 1 2 6969 1 4 6969 2 4 1 1 1 2 71 2 6969 1 6 69 0 0 71 69 70 1 6969 68 6 1 1 2 1 1 2 2 1 1 1 2 1 2 2 2 1 1 2 1 1 71 1 0 0 0 68 0 0 71 1 6969 68 4 0 0 69 1 1 1 6969 2 7 6969 1 4 2 2 6969 1 4 68 6969 0 6 68 71 71 68 68 6969 0 5 1 2 1 2 2 2 1 2 2 1 2 1 2 1 71 6969 1 4 6969 0 8 68 69 0 68 68 68 0 0 0 2 2 2 1 2 2 2 71 2 1 2 6969 1 7 2 69 6969 0 6 68 0 0 69 68 6969 0 5 68 6969 1 4 2 2 1 2 6969 1 10 69 0 0 69 6969 0 4 68 0 70 6969 0 4 68 0 71 6969 1 5 2 1 2 1 1 71 1 1 2 1 1 1 71 0 0 0 70 69 0 0 68 0 0 70 0 0 0 69 69 70 70 6969 1 19 6969 0 8 68 70 69 6969 0 4 71 6969 1 8
    00BA  : 2 6969 2 11 6969 1 19 2 2 2 1 1 1 6969 2 9 6969 1 5 2 2 6969 1 5 2 2 2 1 1 1 2 2 2 1 1 2 1 1 1 6969 2 14 1 2 1 1 2 2 6969 1 7 6969 2 6 1 1 1 6969 2 14 6969 1 4 2 2 2 1 1 1 2 1 1 6969 2 4 1 6969 2 18 69 68 68 68 71 1 1 2 2 2 1 1 2 1 1 1 2 2 1 6969 2 16 1 68 68 70 70 68 1 6969 2 4 6969 1 4 2 2 1 1 6969 2 13 1 2 2 1 1 69 69 68 70 68 1 1 1 2 2 1 1 1 2 1 1 2 1 6969 2 10 1 1 6969 2 5 1 69 69 70 71 71 1 2 2 6969 1 4 6969 2 4 1 6969 2 6 1 6969 2 4 1 2 6969 1 6 2 6969 69 4 6969 1 5 2 1 71 1 2 1 2 1 6969 2 5 1 2 2 2 6969 1 7 71 1 1 69 68 70 70 6969 68 4 0 70 1 1 2 6969 1 4 6969 2 4 1 1 1 2 71 2 6969 1 4 2 1 71 68 0 71 69 68 1 71 6969 68 5 1 1 2 1 1 2 2 1 1 1 2 1 2 2 2 1 1 2 6969 1 4 6969 0 5 69 68 6969 0 4 68 0 0 68 1 1 1 6969 2 7 6969 1 4 2 2 1 1 1 2 1 6969 0 6 71 69 0 68 68 6969 0 4 68 1 2 1 2 2 2 1 2 2 71 2 1 1 1 71 6969 1 5 6969 0 6 71 71 69 0 68 68 6969 0 5 2 2 1 2 2 2 71 2 1 2 1 2 6969 1 5 2 1 6969 0 7 70 71 69 68 0 0 68 0 0 0 6969 1 4 2 2 1 2 6969 1 11 6969 0 7 68 70 70 68 6969 0 5 68 1 71 1 1 1 2 1 2 1 1 71 1 1 2 1 1 1 71 69 6969 0 8 68 70 0 0 0 69 70 70 68 6969 1 11 2 6969 1 7 68 0 0 0 68 69 0 68 6969 0 6 68 68 6969 1 8
    00BC  : 2 6969 2 11 6969 1 19 6969 2 4 1 1 6969 2 9 6969 1 4 2 2 2 6969 1 5 2 2 2 1 1 1 2 2 2 1 1 2 1 1 1 6969 2 16 1 1 2 2 6969 1 7 6969 2 6 1 1 1 6969 2 14 6969 1 4 6969 2 4 1 1 2 1 1 6969 2 4 1 2 2 1 6969 2 16 69 68 68 1 1 1 2 2 2 1 1 2 1 1 1 2 2 1 6969 2 4 1 6969 2 12 68 0 68 70 0 1 6969 2 4 6969 1 4 2 2 1 1 6969 2 13 1 2 2 2 1 68 69 69 69 70 1 1 1 2 2 1 1 1 2 1 1 2 1 6969 2 10 1 1 6969 2 4 1 1 70 69 70 71 71 1 1 2 6969 1 4 6969 2 10 1 1 6969 2 4 1 2 6969 1 5 2 2 70 69 69 70 6969 1 5 2 1 1 1 2 1 2 1 6969 2 5 1 2 2 2 6969 1 11 69 70 70 1 68 68 68 70 1 1 1 2 6969 1 4 6969 2 4 1 1 1 2 1 2 6969 1 4 2 1 1 1 68 68 71 69 71 1 68 68 0 68 68 71 1 2 1 1 2 2 1 1 1 2 1 2 2 2 1 1 2 6969 1 5 68 0 0 0 70 71 71 1 0 0 68 0 68 68 1 1 1 6969 2 4 1 2 2 6969 1 4 2 2 1 1 1 2 1 69 6969 0 5 71 71 71 68 68 6969 0 4 1 1 2 1 6969 2 6 71 2 1 2 1 71 1 1 1 2 1 68 6969 0 6 68 68 0 68 68 6969 0 4 1 2 2 1 2 2 2 71 2 1 2 6969 1 7 2 1 68 6969 0 9 68 0 0 68 0 0 0 6969 1 4 2 2 1 2 6969 1 4 2 6969 1 5 2 68 6969 0 4 68 0 69 68 6969 0 7 68 6969 1 4 2 2 1 2 1 1 71 1 1 2 6969 1 4 2 68 0 0 0 68 69 0 70 69 6969 0 4 69 69 0 68 6969 1 11 2 6969 1 8 0 0 0 68 68 0 68 68 6969 0 4 69 70 0 6969 1 8
    00BE  : 2 6969 2 11 6969 1 19 6969 2 4 1 1 6969 2 9 1 1 1 2 2 2 6969 1 6 2 2 2 1 1 1 2 2 2 1 1 2 1 1 1 6969 2 16 1 2 2 2 6969 1 7 6969 2 6 1 1 1 6969 2 14 6969 1 4 6969 2 4 1 1 2 1 1 6969 2 4 1 2 2 1 6969 2 16 71 68 0 69 1 1 2 2 2 1 1 2 1 1 2 2 2 1 6969 2 18 68 0 70 70 0 6969 2 4 6969 1 4 2 2 1 1 6969 2 13 1 2 2 2 1 2 6969 69 5 1 1 2 2 1 1 1 2 1 1 6969 2 12 1 6969 2 5 1 1 2 71 69 69 71 71 1 2 6969 1 4 6969 2 10 1 1 6969 2 4 1 2 6969 1 5 2 2 1 69 71 70 71 6969 1 4 2 1 1 1 2 1 2 1 6969 2 5 1 2 2 2 6969 1 12 69 70 70 68 0 68 70 1 1 1 2 6969 1 4 6969 2 4 1 1 1 2 1 2 2 1 1 1 2 1 1 2 71 68 71 69 69 1 68 68 0 0 68 68 1 2 1 2 2 2 1 1 1 2 1 2 2 2 1 1 2 1 1 71 1 1 71 6969 0 4 69 69 70 0 0 68 0 68 68 1 1 1 6969 2 7 71 1 1 1 2 2 1 1 1 2 1 1 68 6969 0 4 71 70 70 6969 0 7 1 2 1 6969 2 6 71 2 1 2 1 71 1 1 1 2 1 1 68 6969 0 5 70 70 0 68 68 6969 0 4 1 2 2 1 2 2 2 71 2 1 2 6969 1 7 2 1 1 68 6969 0 5 6969 68 4 6969 0 5 68 6969 1 4 2 2 1 2 6969 1 4 2 6969 1 4 2 2 1 69 0 68 69 0 0 0 68 6969 0 8 6969 1 4 2 2 6969 1 4 71 1 1 2 6969 1 4 2 1 68 0 68 69 0 0 0 68 0 0 0 69 70 0 0 6969 1 12 2 6969 1 8 71 6969 0 7 69 0 0 68 69 0 68 6969 1 8
    00C0  : 2 6969 2 11 1 2 6969 1 8 2 6969 1 8 6969 2 4 1 1 6969 2 9 1 1 1 2 2 2 6969 1 6 2 2 2 1 1 1 2 2 2 1 1 2 1 1 1 6969 2 16 1 2 2 2 6969 1 7 6969 2 6 6969 1 4 6969 2 13 1 1 1 6969 2 5 1 1 2 1 1 6969 2 4 1 2 2 1 6969 2 16 1 69 0 68 68 1 2 2 2 1 1 2 1 1 2 2 2 1 6969 2 18 71 69 6969 70 4 2 2 2 1 1 2 1 2 2 1 1 6969 2 13 1 2 2 2 1 2 1 69 68 68 70 70 1 2 2 1 1 1 2 1 1 6969 2 12 1 6969 2 5 1 1 2 2 69 69 71 70 1 2 6969 1 4 6969 2 10 1 1 6969 2 4 1 2 1 1 2 1 1 2 2 1 1 71 70 71 71 1 1 1 2 1 1 1 2 1 2 1 6969 2 5 1 2 2 2 6969 1 12 69 70 69 1 68 0 0 0 70 6969 1 6 6969 2 4 1 1 2 2 1 2 2 1 1 1 2 1 1 2 71 68 0 1 70 1 68 68 0 0 68 68 68 2 1 1 2 2 1 1 1 2 1 2 2 2 1 1 2 1 1 71 1 1 1 6969 0 4 68 69 68 0 0 68 0 68 68 68 1 1 6969 2 7 6969 1 4 2 2 1 1 1 2 1 1 1 6969 0 5 69 68 6969 0 6 68 1 2 1 1 6969 2 5 71 2 1 2 6969 1 4 2 2 2 1 1 6969 0 5 70 70 0 68 68 6969 0 4 68 2 2 1 2 2 2 1 2 1 2 6969 1 6 2 2 1 1 1 6969 0 5 69 69 0 68 6969 0 6 6969 1 4 2 2 1 2 6969 1 5 2 1 2 1 1 2 1 1 69 69 6969 0 4 68 69 68 69 69 6969 0 4 6969 1 4 2 2 6969 1 4 71 1 1 2 6969 1 4 2 1 1 69 70 6969 0 4 69 0 0 68 70 0 0 0 6969 1 21 71 70 70 6969 0 4 69 68 68 0 0 68 0 6969 1 9
    00C2  : 2 6969 2 11 1 2 6969 1 8 2 6969 1 8 6969 2 4 1 1 6969 2 11 1 2 2 2 6969 1 6 2 2 2 1 1 1 2 2 2 1 1 2 1 1 1 6969 2 16 1 2 2 2 1 2 6969 1 5 6969 2 6 6969 1 4 6969 2 13 1 1 1 2 1 6969 2 4 6969 1 4 6969 2 4 1 2 2 1 6969 2 17 68 0 0 68 0 2 2 2 1 1 2 1 1 2 2 2 1 6969 2 19 69 70 70 71 68 2 2 2 1 1 2 1 2 2 1 1 6969 2 13 1 2 2 2 1 2 2 71 69 70 70 71 1 2 2 1 1 1 2 1 1 6969 2 12 1 6969 2 5 1 1 2 1 1 69 69 70 70 2 2 1 1 1 6969 2 10 1 1 6969 2 4 1 2 1 1 2 1 1 2 2 1 1 71 70 70 70 68 68 71 2 1 1 1 2 1 2 1 6969 2 5 1 2 2 2 6969 1 11 71 71 70 69 1 68 0 0 0 68 68 6969 1 5 6969 2 4 1 1 1 2 1 2 2 1 1 1 2 1 1 2 69 0 0 71 69 69 68 68 0 0 68 0 68 2 1 1 2 2 1 1 1 2 1 2 2 2 1 1 2 1 1 71 6969 1 4 6969 0 4 69 69 0 0 68 0 68 0 68 69 1 6969 2 7 6969 1 4 2 2 1 71 1 2 1 1 1 71 6969 0 4 69 69 68 6969 0 6 68 2 1 1 6969 2 5 1 2 1 2 6969 1 4 2 2 2 1 1 71 6969 0 4 68 69 68 69 6969 0 6 68 2 1 2 2 2 1 2 1 2 1 1 2 1 1 1 2 2 6969 1 4 6969 0 5 68 69 69 70 0 68 0 0 0 68 1 1 1 2 2 1 2 6969 1 7 2 1 1 2 1 71 69 6969 0 5 68 0 68 68 6969 0 5 6969 1 4 2 2 6969 1 4 71 1 1 2 6969 1 4 2 1 69 69 6969 0 5 68 6969 0 6 6969 1 15 2 6969 1 6 71 70 1 71 0 0 0 69 69 6969 0 5 6969 1 9
    00C4  : 2 6969 2 11 1 2 6969 1 17 6969 2 4 1 1 6969 2 11 1 2 2 2 6969 1 6 2 2 2 1 1 1 2 2 2 1 1 2 1 1 1 6969 2 16 1 2 2 2 6969 1 8 6969 2 5 6969 1 4 6969 2 13 1 1 1 68 0 0 68 1 2 6969 1 4 6969 2 7 1 6969 2 17 70 69 70 69 71 68 2 2 1 1 2 1 1 2 2 2 1 1 6969 2 18 1 69 69 71 71 70 2 2 1 1 2 1 2 2 1 1 6969 2 13 1 6969 2 6 71 69 69 70 71 1 2 2 1 1 1 2 2 1 6969 2 12 1 6969 2 5 1 1 2 2 1 1 69 69 70 68 6969 1 4 6969 2 10 1 1 6969 2 4 1 2 1 1 2 1 1 2 2 1 1 71 70 69 1 68 68 0 0 0 68 1 2 1 2 1 6969 2 5 1 2 2 2 6969 1 10 70 68 69 71 71 71 68 0 0 0 68 68 6969 1 5 6969 2 4 1 1 1 2 1 2 2 1 1 1 2 1 1 2 6969 0 4 71 69 68 68 0 0 68 0 68 68 1 1 2 2 1 1 1 2 1 2 2 2 1 1 2 1 1 71 6969 1 4 6969 0 4 68 69 0 0 68 0 68 0 0 68 1 2 1 6969 2 5 1 1 2 1 2 2 1 71 1 2 1 1 1 71 6969 0 5 68 69 69 68 6969 0 6 1 1 6969 2 5 1 2 6969 1 6 2 2 2 1 1 71 68 6969 0 6 69 69 68 68 0 0 68 0 68 1 2 2 1 1 2 1 2 71 6969 1 5 2 2 6969 1 5 6969 0 4 68 6969 0 4 69 6969 0 4 2 1 1 2 2 1 2 6969 1 4 2 1 1 2 1 1 2 1 69 6969 0 6 68 6969 0 6 6969 1 6 2 2 6969 1 4 71 1 1 2 6969 1 4 2 70 70 69 6969 0 5 69 6969 0 6 6969 1 15 2 6969 1 6 71 1 1 69 0 0 68 69 69 0 68 0 0 0 6969 1 9
    00C6  : 2 6969 2 10 1 1 2 1 1 2 6969 1 13 6969 2 5 1 1 6969 2 11 1 6969 2 4 6969 1 5 2 2 2 1 1 1 2 2 2 1 1 2 6969 1 4 6969 2 15 1 71 69 0 68 6969 1 7 6969 2 5 1 1 1 6969 2 14 1 1 1 68 0 68 69 0 1 1 2 1 1 6969 2 7 1 1 6969 2 17 69 68 69 70 68 2 2 1 1 2 1 1 2 2 2 1 1 2 2 2 1 6969 2 15 69 69 71 71 69 2 2 1 1 2 1 2 2 1 1 1 6969 2 16 1 2 2 1 1 69 70 71 1 2 2 1 1 1 2 2 1 6969 2 18 1 1 2 2 1 1 69 69 70 68 0 69 70 1 6969 2 4 1 6969 2 5 1 1 6969 2 4 1 2 1 1 2 1 1 2 2 1 71 71 69 69 1 68 68 0 0 0 68 1 2 1 2 1 6969 2 5 1 2 2 2 6969 1 9 70 0 0 0 71 69 68 68 0 0 0 68 68 68 6969 1 4 6969 2 4 1 1 1 2 1 2 2 1 1 1 2 1 1 2 6969 0 4 71 68 68 68 6969 0 4 68 68 1 1 2 2 1 1 1 2 1 2 2 2 1 1 2 1 1 71 6969 1 4 6969 0 4 69 68 69 69 69 0 68 6969 0 4 69 1 6969 2 5 6969 1 4 2 2 1 71 1 2 1 1 1 71 68 0 0 0 6969 69 5 0 68 6969 0 5 1 6969 2 5 1 2 1 2 6969 1 4 2 2 2 1 1 71 1 0 0 0 68 69 6969 0 4 69 0 0 68 68 68 1 1 2 2 1 2 1 2 71 2 6969 1 4 2 2 6969 1 4 69 6969 0 4 68 6969 0 6 71 6969 1 5 2 2 1 2 6969 1 4 2 1 1 2 1 1 2 71 70 69 6969 0 4 68 6969 0 7 6969 1 6 2 2 1 1 1 2 71 1 1 2 6969 1 4 2 1 69 68 71 1 0 0 69 69 6969 0 6 6969 1 13 2 6969 1 11 69 0 0 69 69 6969 0 6 6969 1 9
    00C8  : 2 6969 2 10 6969 1 5 2 6969 1 7 71 6969 1 5 6969 2 5 1 1 6969 2 11 1 6969 2 4 6969 1 5 2 2 2 1 1 1 2 2 2 1 1 2 6969 1 4 6969 2 15 1 69 0 68 0 68 6969 1 6 6969 2 5 1 1 1 6969 2 14 1 2 1 68 69 70 71 68 1 1 2 1 1 6969 2 7 1 1 6969 2 17 71 69 69 70 69 2 2 1 1 2 1 1 6969 2 4 1 2 2 2 1 6969 2 15 1 69 71 71 71 2 2 1 1 2 1 2 2 1 1 1 6969 2 19 1 1 69 69 71 69 2 2 1 1 1 2 2 1 6969 2 13 1 6969 2 4 1 1 2 2 1 1 69 69 71 68 0 0 68 68 70 2 2 2 1 6969 2 5 1 1 6969 2 4 1 2 6969 1 5 2 2 69 0 71 69 71 1 68 68 6969 0 4 1 2 1 2 1 6969 2 5 1 2 2 2 6969 1 9 6969 0 4 71 70 68 68 6969 0 5 68 6969 1 4 6969 2 4 1 1 1 2 1 2 2 1 1 1 2 1 1 2 6969 0 4 71 69 68 6969 0 6 68 0 1 2 2 1 1 1 2 1 2 2 2 1 1 2 6969 1 6 71 6969 0 4 70 68 68 69 70 68 68 6969 0 5 71 6969 2 5 6969 1 4 2 2 1 71 1 2 1 1 1 71 68 0 0 0 70 0 0 0 68 68 68 0 68 68 68 0 70 6969 2 5 1 2 1 2 1 1 1 6969 2 4 1 1 71 71 0 69 0 69 6969 0 10 68 1 2 2 2 1 2 1 2 71 2 2 1 1 1 2 2 1 1 1 69 6969 0 4 68 6969 0 7 6969 1 6 2 2 1 2 6969 1 4 2 1 1 2 1 1 2 1 70 70 6969 0 4 68 6969 0 7 6969 1 6 2 2 1 1 1 2 71 1 1 2 71 1 1 1 2 1 1 1 71 1 0 0 69 0 0 0 68 0 0 0 6969 1 13 2 6969 1 11 0 0 69 69 6969 0 7 71 6969 1 8
    00CA  : 2 6969 2 10 6969 1 5 2 6969 1 13 6969 2 5 1 1 6969 2 10 1 1 6969 2 4 1 1 1 71 1 2 2 2 1 1 1 2 2 2 1 1 2 1 1 1 6969 2 16 1 71 6969 0 4 6969 1 6 6969 2 5 1 1 1 6969 2 14 1 2 1 68 69 70 71 70 1 1 2 1 1 6969 2 7 1 1 6969 2 4 1 6969 2 12 71 69 69 70 71 2 2 1 1 2 1 1 2 2 2 1 1 6969 2 19 1 68 69 70 1 2 2 6969 1 4 2 2 1 1 1 6969 2 19 1 1 69 69 71 69 2 2 6969 1 6 6969 2 12 1 6969 2 6 1 2 2 70 1 69 69 1 68 6969 0 4 68 2 2 2 1 6969 2 5 1 1 6969 2 4 1 2 6969 1 5 2 68 0 0 68 69 6969 68 4 6969 0 4 1 2 1 2 1 6969 2 5 1 2 2 2 6969 1 9 0 0 0 69 71 69 6969 0 7 68 6969 1 4 6969 2 4 1 1 1 2 1 2 2 2 1 1 2 1 1 1 0 0 0 68 71 0 68 6969 0 8 1 2 2 1 1 1 2 1 2 2 2 1 1 2 6969 1 6 71 6969 0 4 68 0 0 69 70 69 68 6969 0 5 70 6969 2 5 6969 1 4 2 2 1 1 1 2 1 1 1 71 6969 0 4 69 6969 0 4 68 0 0 68 0 68 68 68 2 2 1 1 2 1 2 1 2 1 1 1 6969 2 4 1 1 1 71 68 0 68 69 6969 0 9 71 1 1 2 2 2 1 2 1 2 1 2 2 2 1 1 2 2 1 1 1 69 69 0 0 0 68 6969 0 7 6969 1 6 2 2 1 2 6969 1 4 2 1 1 2 1 1 2 1 1 1 69 1 0 69 6969 0 8 6969 1 6 2 2 1 2 1 2 71 2 1 2 71 1 1 1 2 1 1 1 71 70 0 69 68 68 0 0 68 0 0 0 6969 1 13 2 1 2 1 1 2 6969 1 6 69 0 70 69 6969 0 8 6969 1 6 2 1
    00CC  : 2 6969 2 10 6969 1 5 2 6969 1 13 6969 2 5 1 1 6969 2 10 1 1 6969 2 4 1 1 1 71 1 2 2 2 1 1 1 2 2 2 1 1 2 1 1 1 6969 2 16 1 71 0 0 0 68 71 6969 1 5 6969 2 5 1 1 1 6969 2 14 1 2 1 68 69 70 71 70 71 1 2 1 1 6969 2 7 1 1 6969 2 17 71 69 69 70 71 2 2 1 1 2 1 1 2 2 2 1 1 6969 2 4 1 6969 2 14 1 68 69 70 1 2 2 6969 1 4 2 2 1 1 1 6969 2 16 1 2 2 1 1 69 69 70 68 2 2 6969 1 6 6969 2 12 1 6969 2 6 1 2 1 70 1 69 69 1 68 0 0 68 68 1 2 2 2 1 6969 2 5 1 1 6969 2 4 1 2 6969 1 5 68 0 0 68 71 70 68 68 68 6969 0 5 1 2 1 2 1 6969 2 5 1 2 2 2 6969 1 5 2 1 1 68 0 0 0 69 69 6969 0 8 6969 1 5 6969 2 4 1 1 1 2 1 2 2 1 1 1 2 1 1 68 6969 0 4 68 68 68 0 0 0 68 0 0 0 68 1 2 2 1 1 1 2 1 2 2 2 1 1 2 6969 1 6 68 6969 0 4 69 0 0 68 69 70 68 6969 0 5 1 2 1 2 2 2 6969 1 4 2 2 1 1 1 2 1 1 1 68 0 0 0 70 70 6969 0 4 69 0 0 6969 68 4 1 2 2 1 1 2 1 2 1 2 1 1 1 6969 2 4 1 1 68 71 68 0 70 69 6969 0 10 70 1 1 2 2 1 2 1 2 1 1 2 2 1 1 2 2 1 1 1 71 68 69 0 69 6969 0 7 68 6969 1 6 2 2 1 2 1 1 1 2 2 1 1 2 1 1 2 1 1 1 71 1 0 69 6969 0 8 6969 1 6 2 2 1 2 1 2 1 2 2 6969 1 5 2 1 1 1 71 69 68 70 68 6969 0 7 6969 1 15 2 6969 1 4 71 6969 1 4 70 0 70 70 6969 0 7 68 6969 1 8
    00CE  : 2 6969 2 10 6969 1 5 2 6969 1 13 6969 2 5 1 1 6969 2 11 1 6969 2 4 1 1 1 71 1 2 2 2 1 1 1 2 2 2 1 1 2 1 1 1 6969 2 16 1 71 68 0 0 68 1 71 6969 1 4 6969 2 5 1 1 1 6969 2 14 1 1 1 68 69 70 71 70 71 1 2 1 1 6969 2 7 1 1 6969 2 17 71 69 69 70 71 2 2 1 1 2 1 1 2 2 2 1 1 6969 2 20 68 70 70 71 2 2 6969 1 5 2 1 1 6969 2 17 1 2 2 1 1 69 68 70 1 2 6969 1 4 2 1 2 2 1 6969 2 17 1 2 71 71 69 69 69 1 68 68 69 71 1 2 1 2 2 1 6969 2 5 1 1 6969 2 4 1 2 6969 1 5 68 0 0 1 69 71 1 68 68 6969 0 4 69 1 2 1 2 1 6969 2 5 1 2 2 2 6969 1 5 2 1 1 6969 0 4 69 71 70 6969 0 7 6969 1 5 6969 2 4 1 1 1 2 1 2 2 1 2 1 2 1 1 6969 0 4 71 71 0 68 0 0 0 68 0 0 1 1 1 2 2 1 1 1 2 1 2 2 2 1 1 2 6969 1 6 6969 0 4 71 0 0 0 68 69 69 68 6969 0 4 1 1 2 1 2 2 2 6969 1 4 2 2 1 1 1 2 1 1 71 6969 0 9 69 69 0 68 0 68 68 68 1 2 2 1 2 2 1 2 1 2 6969 1 4 2 2 2 1 1 0 69 68 69 0 69 6969 0 8 68 68 68 1 1 2 2 1 2 1 2 1 1 2 1 1 1 2 2 1 1 1 69 68 68 69 0 69 0 0 0 68 0 0 0 6969 1 6 2 2 1 2 1 1 1 2 2 1 1 2 1 1 2 1 1 2 71 70 6969 0 10 6969 1 6 2 2 1 1 1 2 1 2 2 2 6969 1 4 2 1 1 1 71 69 0 70 6969 0 8 6969 1 12 71 1 1 2 6969 1 4 71 6969 1 4 68 68 70 69 6969 0 7 6969 1 9
    00D0  : 2 6969 2 10 6969 1 5 2 6969 1 13 6969 2 5 1 1 6969 2 11 1 6969 2 4 1 1 1 71 1 2 2 2 1 1 1 2 2 2 1 1 2 1 1 1 6969 2 16 1 71 68 0 68 68 1 71 6969 1 4 6969 2 5 1 1 1 6969 2 14 1 1 1 68 69 70 71 68 1 1 2 1 1 6969 2 4 1 2 2 1 1 6969 2 17 71 69 70 69 68 2 2 1 1 2 1 1 2 2 2 1 6969 2 7 1 6969 2 12 70 68 70 70 71 2 2 6969 1 5 2 1 1 6969 2 20 1 69 69 70 70 1 2 1 1 71 1 2 2 1 2 1 6969 2 11 1 6969 2 4 1 1 2 71 1 69 69 69 1 68 1 1 71 1 2 2 2 1 1 6969 2 5 1 1 6969 2 4 1 2 6969 1 4 70 0 0 0 71 69 1 1 68 68 0 0 0 68 6969 1 4 2 1 6969 2 4 1 1 2 2 2 6969 1 5 2 1 6969 0 5 70 69 71 6969 0 6 6969 1 4 71 1 6969 2 4 1 1 1 2 1 2 2 1 1 1 2 1 6969 0 5 71 71 0 68 0 0 0 68 0 6969 1 4 2 2 1 1 1 2 1 2 2 2 1 1 2 6969 1 5 6969 0 5 68 70 0 0 69 69 6969 0 4 1 1 2 1 2 1 2 2 2 6969 1 4 2 2 1 1 1 2 1 1 6969 0 5 71 68 0 0 0 69 70 6969 0 4 1 1 1 2 2 1 2 2 1 2 1 2 1 1 1 6969 2 4 1 69 0 0 69 69 69 6969 0 5 68 0 0 0 68 70 1 1 2 2 2 1 2 1 2 1 1 2 1 1 1 2 2 1 1 71 0 0 68 68 68 6969 0 10 6969 1 5 2 1 2 1 1 1 2 2 1 1 2 1 1 2 1 1 2 71 69 0 68 6969 0 7 71 6969 1 6 2 2 1 1 1 2 1 2 2 2 6969 1 4 2 1 1 1 69 0 0 68 6969 0 7 68 6969 1 15 2 6969 1 4 71 1 1 1 68 0 0 69 6969 0 8 6969 1 9
    00D2  : 2 6969 2 10 6969 1 5 2 6969 1 13 6969 2 5 1 1 6969 2 11 1 6969 2 4 1 1 1 71 1 2 2 2 1 1 1 2 2 2 1 1 2 1 1 1 6969 2 16 1 71 0 68 68 6969 1 7 6969 2 5 1 1 1 6969 2 14 1 1 1 69 69 70 71 68 1 1 2 1 1 6969 2 4 1 2 2 1 1 6969 2 16 1 68 69 69 69 68 2 2 1 1 2 1 1 2 2 2 1 6969 2 19 71 68 68 70 70 1 2 2 6969 1 4 2 2 1 1 6969 2 20 1 69 69 70 71 1 2 1 1 71 1 2 1 1 2 1 6969 2 9 1 2 1 6969 2 4 1 1 2 71 71 70 69 70 68 1 1 1 71 1 6969 2 4 1 6969 2 5 1 1 6969 2 4 1 2 6969 1 4 69 0 0 0 71 69 1 1 68 68 0 0 0 1 1 71 1 1 2 1 6969 2 4 1 1 2 2 2 6969 1 5 2 1 6969 0 5 70 70 68 6969 0 5 68 6969 1 4 71 1 6969 2 4 1 1 1 2 1 2 2 1 1 1 2 1 6969 0 4 69 71 0 0 68 0 0 0 68 0 6969 1 4 2 2 1 1 1 2 1 1 2 2 1 1 2 6969 1 5 6969 0 5 69 68 6969 0 7 1 1 1 2 1 2 1 2 2 2 6969 1 4 2 2 1 1 1 2 1 70 6969 0 9 68 69 69 0 0 68 6969 1 4 2 2 1 1 2 1 2 1 2 1 1 1 6969 2 4 71 68 6969 0 10 69 0 0 0 1 2 1 1 2 2 2 1 2 1 2 1 1 2 1 1 1 2 2 1 1 0 69 68 68 0 68 6969 0 8 68 6969 1 4 2 1 2 1 2 1 1 1 2 2 1 1 2 1 2 2 1 1 71 68 68 0 68 6969 0 6 71 71 6969 1 6 2 2 1 2 1 2 1 2 1 2 6969 1 4 2 1 1 1 0 0 0 69 6969 0 6 68 6969 1 12 2 6969 1 8 71 1 1 70 0 0 0 68 0 0 0 68 0 0 68 6969 1 9 2
    00D4  : 2 6969 2 11 6969 1 4 2 6969 1 13 6969 2 5 1 1 6969 2 11 1 6969 2 4 1 1 1 71 1 2 2 2 1 1 1 2 2 2 1 1 2 1 1 1 6969 2 16 1 69 68 0 71 6969 1 7 6969 2 5 1 1 1 6969 2 14 1 1 69 68 69 68 68 71 1 1 2 1 1 6969 2 4 1 2 2 2 1 6969 2 16 69 68 69 70 69 1 2 2 1 1 2 1 1 1 2 2 1 2 2 2 1 6969 2 15 68 68 68 70 70 1 2 2 6969 1 4 2 2 1 1 6969 2 20 1 69 70 70 71 1 2 1 1 71 1 2 1 1 6969 2 11 1 2 1 6969 2 4 1 1 2 1 69 70 70 70 68 1 1 1 71 1 6969 2 4 1 6969 2 5 1 1 6969 2 4 1 2 6969 1 4 70 0 0 0 1 69 1 1 68 68 0 0 1 1 1 71 6969 1 4 6969 2 4 1 1 2 2 2 1 1 2 1 1 2 1 6969 0 4 69 68 1 68 6969 0 4 68 6969 1 7 6969 2 4 1 1 1 2 1 2 2 1 1 1 2 68 6969 0 5 70 71 0 68 0 0 0 68 69 6969 1 4 2 2 1 1 1 2 1 2 2 2 1 1 2 6969 1 4 68 6969 0 5 71 6969 0 8 1 1 1 2 2 2 1 2 2 2 6969 1 4 2 2 1 1 1 2 1 6969 0 6 71 0 0 0 68 69 70 0 68 1 1 2 1 1 1 2 1 2 2 1 2 1 2 1 1 1 2 2 2 1 6969 0 5 68 69 6969 0 4 69 68 0 0 1 1 2 2 1 1 2 2 1 2 1 2 1 1 2 1 1 1 2 2 1 1 0 68 0 0 0 69 6969 0 8 6969 1 7 2 1 2 1 1 1 2 2 1 1 2 1 2 2 1 68 68 68 0 0 68 6969 0 7 6969 1 7 2 2 1 2 1 2 1 1 2 2 1 2 1 1 2 1 1 69 69 6969 0 8 70 6969 1 13 2 6969 1 8 71 1 1 6969 0 4 68 6969 0 6 6969 1 11
    00D6  : 2 6969 2 24 1 1 1 2 2 2 1 1 6969 2 6 1 6969 2 13 1 1 71 70 70 71 1 1 71 1 1 2 6969 1 6 6969 2 17 69 69 68 0 68 0 68 0 6969 68 4 1 2 1 2 2 1 1 2 1 6969 2 13 69 69 6969 0 10 69 68 0 68 69 6969 1 6 6969 2 12 71 6969 0 17 70 2 1 1 1 6969 2 13 1 68 6969 0 10 68 6969 0 5 68 1 1 1 6969 2 15 69 6969 0 7 68 69 69 70 69 68 0 0 0 68 71 1 1 6969 2 15 1 69 69 69 68 68 69 69 70 70 71 71 70 68 0 0 0 69 70 1 6969 2 17 71 6969 68 6 69 70 70 71 70 69 68 0 0 69 1 1 1 6969 2 16 70 68 68 68 69 68 69 70 70 70 71 71 69 68 68 68 69 71 6969 2 18 69 0 0 68 68 68 0 0 68 69 70 71 71 69 68 69 70 1 1 6969 2 17 71 68 0 68 68 69 68 0 0 69 69 70 71 70 69 69 70 68 6969 2 18 71 68 68 68 70 71 70 69 68 70 70 71 71 70 71 69 69 1 6969 2 19 68 68 68 70 70 69 68 69 69 6969 70 4 69 70 6969 2 21 69 68 68 68 70 69 68 69 69 70 70 70 71 71 1 2 1 6969 2 19 1 6969 69 4 70 69 69 6969 70 5 71 2 2 1 6969 2 20 70 70 68 1 6969 69 5 70 70 71 71 1 2 1 1 6969 2 19 0 0 68 70 69 69 69 6969 70 4 71 71 70 2 69 70 2 2
    00D8  : 2 6969 2 17 1 2 71 71 1 1 2 1 1 1 2 2 2 1 1 6969 2 19 71 69 68 68 68 0 68 68 0 68 69 68 6969 1 7 6969 2 15 1 69 69 68 6969 0 11 68 68 69 2 6969 1 4 6969 2 12 71 68 68 6969 0 6 68 6969 0 8 69 70 6969 1 4 6969 2 13 69 6969 0 17 69 1 1 1 6969 2 13 1 1 68 6969 0 7 6969 68 4 6969 0 5 69 71 1 6969 2 15 1 71 69 68 68 68 69 69 6969 70 4 69 68 6969 0 4 68 70 1 6969 2 14 1 1 71 69 69 68 68 69 69 69 70 70 71 69 68 0 0 0 68 69 71 1 6969 2 16 71 6969 68 6 69 69 70 71 69 6969 68 5 69 71 1 6969 2 16 70 68 68 68 69 68 69 69 69 70 70 71 71 69 68 68 69 69 71 6969 2 17 1 68 0 68 68 68 0 68 69 69 70 71 71 69 69 69 70 69 1 6969 2 17 1 68 68 69 70 69 68 68 68 70 70 70 6969 71 4 68 70 6969 2 19 68 69 70 71 69 68 68 68 70 70 71 70 70 70 69 71 6969 2 20 69 68 68 68 69 68 68 69 69 6969 70 7 6969 2 21 68 68 68 69 68 68 69 69 70 70 70 71 71 70 1 1 6969 2 20 71 69 69 6969 68 4 69 69 70 70 70 71 71 1 1 70 6969 2 19 69 70 68 70 68 6969 69 4 70 70 6969 71 4 1 69 68 70 6969 2 17 0 0 0 68 69 69 68 68 69 70 70 71 71 71 68 2 69 68 68
    00DA  : 2 6969 2 15 1 69 68 0 68 6969 0 5 68 68 69 71 1 1 1 2 1 6969 2 16 69 69 68 6969 0 12 68 0 68 1 1 6969 2 15 68 68 6969 0 15 69 68 69 1 1 1 6969 2 13 1 68 6969 0 17 69 1 1 1 6969 2 14 71 6969 0 6 68 68 69 68 68 6969 0 6 68 71 1 6969 2 13 1 1 1 69 69 68 69 68 69 70 70 70 69 68 6969 0 6 68 71 6969 2 15 1 1 69 69 68 68 68 69 69 70 70 70 69 68 6969 0 4 68 69 71 6969 2 15 1 1 69 69 68 68 6969 69 4 70 70 69 6969 68 6 69 70 6969 2 16 1 6969 68 7 69 6969 70 4 69 68 68 68 69 68 1 6969 2 16 1 70 68 68 69 68 0 68 68 69 70 70 70 6969 69 4 70 70 1 6969 2 16 1 6969 69 4 68 68 68 69 69 70 70 71 70 71 71 68 68 71 6969 2 17 1 71 68 70 70 6969 68 4 69 70 70 70 71 71 69 70 69 6969 2 20 69 6969 68 5 69 69 70 70 71 70 70 70 71 70 6969 2 20 69 6969 68 5 69 69 6969 70 6 71 1 1 6969 2 20 6969 68 6 69 69 70 70 71 70 70 71 1 1 70 6969 2 18 1 71 69 68 68 6969 69 4 6969 70 4 71 71 69 1 68 68 70 6969 2 16 69 70 68 70 69 6969 68 4 6969 70 4 71 70 69 1 68 68 68 6969 2 16 0 0 0 68 70 6969 68 5 69 69 70 70 68 2 1 68 68
    00DC  : 2 6969 2 14 69 6969 0 15 68 68 68 71 1 1 6969 2 15 68 6969 0 16 69 69 1 1 6969 2 15 71 68 6969 0 5 68 68 68 6969 0 8 68 71 1 6969 2 14 1 1 69 6969 68 4 6969 69 4 68 6969 0 7 68 70 1 6969 2 15 1 69 6969 68 4 69 69 69 70 68 6969 0 6 68 69 71 1 6969 2 12 1 1 2 71 69 68 69 68 68 68 69 70 70 69 68 6969 0 5 68 69 70 1 6969 2 13 1 1 70 6969 68 6 69 69 70 70 70 6969 68 6 0 70 6969 2 14 1 1 1 68 68 68 69 0 0 68 69 70 70 70 69 68 68 69 69 69 68 6969 2 16 1 1 69 69 6969 68 4 69 69 6969 70 6 68 68 68 69 6969 2 17 1 69 70 69 6969 68 4 69 6969 70 7 69 68 1 6969 2 17 1 69 6969 68 5 69 69 6969 70 4 69 69 70 69 70 6969 2 19 1 6969 68 5 69 69 69 70 70 71 70 70 70 71 6969 2 21 69 6969 68 4 6969 69 4 6969 70 5 1 1 6969 2 20 1 68 68 68 6969 69 5 6969 70 5 71 1 69 70 6969 2 20 1 68 69 68 68 68 6969 70 5 71 69 1 68 68 68 6969 2 16 1 1 1 69 70 69 68 68 68 69 69 70 70 71 69 70 1 68 68 68 6969 2 15 1 71 70 69 2 71 6969 68 6 69 70 68 69 2 1 68 68 0 6969 2 13 70 68 68 0 0 68 70 71 70 0 6969 68 6 70 1 2 1 68 0
    00DE  : 2 6969 2 15 71 6969 0 16 69 68 69 1 6969 2 16 70 6969 0 5 68 68 68 6969 0 9 69 1 6969 2 16 69 69 68 68 68 6969 69 4 68 6969 0 8 68 1 6969 2 14 1 1 69 6969 68 4 6969 69 4 68 6969 0 8 69 71 6969 2 15 1 69 6969 68 5 69 69 70 69 6969 0 7 68 69 1 1 6969 2 11 1 1 2 1 68 68 68 0 0 68 68 6969 70 4 6969 68 7 69 1 6969 2 13 1 1 1 70 6969 68 7 69 70 70 69 68 68 69 68 70 0 68 6969 2 15 1 1 69 69 68 69 68 68 69 69 6969 70 5 71 6969 68 4 6969 2 16 1 1 6969 68 6 69 69 6969 70 5 69 69 69 68 70 6969 2 17 1 70 6969 68 5 69 69 6969 70 4 6969 69 4 68 1 6969 2 17 1 1 6969 68 5 69 69 69 6969 70 7 1 6969 2 20 69 6969 68 5 69 69 69 6969 70 5 1 6969 2 22 68 68 68 6969 69 5 70 69 70 70 70 1 1 70 6969 2 22 6969 68 5 70 70 70 69 70 70 68 1 68 68 1 6969 2 18 1 68 70 6969 68 4 69 69 70 70 70 68 70 1 68 68 68 6969 2 15 71 6969 69 4 70 0 6969 68 5 69 70 68 69 1 1 68 68 0 6969 2 12 69 68 0 6969 69 5 70 0 0 6969 68 6 70 2 1 2 68 0 0 6969 2 9 70 69 68 0 0 0 70 69 68 69 69 71 1 6969 68 6 71 2 1 1 68 0 0
    00E0  : 2 6969 2 16 70 6969 0 16 68 69 1 6969 2 16 71 6969 68 4 6969 69 4 68 6969 0 8 68 71 6969 2 16 69 6969 68 4 69 69 69 70 68 6969 0 8 68 69 6969 2 14 1 1 69 6969 68 4 69 68 69 69 68 6969 0 8 69 70 6969 2 15 1 68 68 68 0 0 68 69 69 70 70 69 0 68 68 68 0 0 68 69 1 6969 2 12 1 1 2 1 71 68 69 68 0 0 68 68 70 70 70 6969 68 5 69 0 69 1 1 6969 2 12 1 1 1 71 69 6969 68 4 69 69 70 70 70 69 69 69 70 69 68 0 68 6969 2 15 1 1 69 70 6969 68 4 69 69 69 6969 70 5 6969 68 4 1 6969 2 9 1 6969 2 5 1 1 71 6969 68 5 69 69 6969 70 5 69 69 70 0 70 6969 2 17 1 69 6969 68 5 69 69 69 6969 70 6 69 69 6969 2 18 1 2 6969 68 5 69 69 69 6969 70 7 1 6969 2 20 70 68 68 68 6969 69 5 70 70 69 70 71 1 6969 2 22 68 68 68 69 69 68 68 69 70 69 70 70 70 1 1 6969 2 22 68 69 68 68 68 69 70 70 70 69 70 70 69 1 68 68 6969 2 16 70 69 68 68 69 69 6969 68 4 69 69 70 70 70 68 1 1 68 68 68 6969 2 11 1 68 68 0 1 69 70 69 71 70 0 6969 68 5 69 68 68 1 2 68 68 0 0 6969 2 8 1 69 68 6969 0 4 68 70 69 69 70 70 0 0 6969 68 5 70 1 2 1 68 0 0 0 6969 2 6 1 68 68 6969 0 6 69 68 68 68 69 71 1 0 68 68 0 69 1 2 2 1 69 0 0 0
    00E2  : 2 6969 2 16 70 6969 0 16 69 69 71 6969 2 16 71 69 68 68 68 6969 69 4 68 6969 0 8 68 71 6969 2 16 69 6969 68 4 69 69 69 70 68 6969 0 8 68 70 6969 2 14 1 1 69 6969 68 6 69 69 68 6969 0 9 69 6969 2 15 1 68 68 68 0 0 68 69 69 70 70 68 0 68 6969 0 4 68 69 70 6969 2 12 1 1 2 1 70 68 69 68 0 0 68 69 70 70 70 6969 68 6 0 68 1 1 6969 2 12 1 1 1 69 69 6969 68 4 69 69 70 70 70 69 69 69 68 69 69 0 68 6969 2 15 1 69 69 69 6969 68 4 69 69 6969 70 4 71 70 68 68 68 0 69 6969 2 15 1 1 71 6969 68 5 69 69 6969 70 4 69 69 71 70 0 68 6969 2 17 1 6969 68 5 6969 69 4 6969 70 6 68 68 1 6969 2 17 1 2 6969 68 4 6969 69 4 6969 70 6 68 1 6969 2 20 69 68 68 6969 69 6 70 69 69 70 71 1 6969 2 22 68 68 68 69 69 68 6969 69 4 70 70 70 1 1 6969 2 21 69 70 69 68 68 68 69 70 70 69 70 70 70 1 69 1 6969 2 10 1 6969 2 4 1 69 68 69 68 68 69 6969 68 4 69 69 69 70 70 70 68 1 68 68 69 6969 2 11 70 68 68 0 0 0 69 69 71 70 6969 68 6 69 70 70 68 1 1 68 68 68 0 6969 2 7 69 68 68 6969 0 6 70 69 0 70 0 6969 68 5 69 68 68 1 2 1 68 0 0 0 6969 2 5 68 68 68 6969 0 10 68 70 1 0 6969 68 5 1 2 2 1 68 0 0 0
    00E4  : 2 6969 2 10 1 6969 2 5 68 6969 0 15 69 68 69 1 6969 2 16 71 6969 68 4 69 69 69 68 6969 0 9 69 1 6969 2 16 69 6969 68 4 6969 69 4 68 6969 0 8 69 1 6969 2 14 1 1 69 6969 68 5 69 70 69 68 6969 0 8 69 71 6969 2 15 70 68 68 68 0 0 69 69 70 70 69 0 68 6969 0 5 68 69 1 6969 2 12 1 1 2 1 68 68 69 0 0 0 68 69 70 70 69 6969 68 7 69 1 1 6969 2 12 1 1 1 69 6969 68 5 69 69 70 70 70 69 69 68 68 68 71 0 69 6969 2 15 1 68 69 69 6969 68 4 69 6969 70 5 71 69 68 70 69 68 69 6969 2 15 1 1 69 6969 68 4 69 69 69 6969 70 4 69 69 69 70 0 68 6969 2 17 1 68 69 68 68 68 69 69 69 6969 70 4 68 69 70 68 68 1 6969 2 17 1 69 6969 68 4 6969 69 4 6969 70 6 69 1 6969 2 19 1 68 68 68 6969 69 6 70 69 70 70 71 1 1 6969 2 20 6969 68 4 6969 69 4 70 69 69 70 70 71 2 1 6969 2 21 70 70 68 68 68 69 70 70 70 69 70 70 71 6969 2 13 1 6969 2 4 1 1 70 69 68 70 69 68 68 68 69 69 70 69 70 70 70 68 1 68 69 6969 2 12 71 68 68 0 0 0 68 68 71 0 6969 68 5 69 70 70 70 68 1 1 68 68 68 69 6969 2 7 70 69 68 68 6969 0 8 68 0 6969 68 5 69 69 68 71 2 68 68 68 0 0 6969 2 5 68 68 68 6969 0 10 68 70 0 6969 68 6 70 1 2 1 68 0 0 0
    00E6  : 2 6969 2 10 1 6969 2 4 70 6969 0 15 69 68 69 1 1 6969 2 15 1 68 0 68 68 68 69 69 69 6969 0 9 69 71 1 6969 2 16 69 68 68 68 69 69 69 70 68 6969 0 8 68 70 1 6969 2 14 1 71 69 69 6969 68 4 70 70 68 6969 0 8 69 69 1 6969 2 15 69 6969 68 5 69 69 70 69 0 68 6969 0 6 68 70 1 6969 2 12 1 2 2 69 6969 68 6 69 69 70 70 6969 68 7 69 69 1 6969 2 13 1 1 71 69 6969 68 4 69 69 70 70 70 69 69 69 68 69 70 68 69 71 6969 2 15 1 69 70 6969 68 4 69 69 6969 70 4 71 69 68 69 68 0 68 6969 2 16 1 69 6969 68 5 69 69 69 6969 70 5 69 68 69 0 69 6969 2 16 1 71 68 69 68 68 68 69 69 69 70 70 70 68 69 69 69 0 68 1 6969 2 17 71 6969 68 5 69 69 69 6969 70 6 69 68 1 6969 2 19 69 68 68 68 6969 69 6 6969 70 4 69 2 1 6969 2 19 6969 68 5 69 69 69 70 70 69 69 70 70 2 2 1 6969 2 21 69 69 68 68 68 69 70 70 70 69 70 71 1 6969 2 13 1 6969 2 4 1 1 2 69 68 69 6969 68 4 69 70 70 69 70 70 70 1 69 70 6969 2 14 70 68 0 0 0 69 68 70 6969 68 5 69 69 70 70 70 68 1 68 68 68 1 1 6969 2 7 71 69 68 68 6969 0 5 69 69 68 71 6969 68 5 69 70 69 68 1 2 6969 68 4 0 6969 2 4 69 69 68 68 6969 0 11 70 6969 68 5 69 68 69 1 2 1 68 0 0 0
    00E8  : 2 6969 2 10 1 1 2 71 6969 0 15 68 68 68 71 1 1 1 6969 2 14 69 6969 0 15 68 69 69 1 1 1 6969 2 14 1 68 0 68 68 69 69 69 68 6969 0 10 1 1 1 6969 2 13 1 1 69 6969 68 4 69 69 69 68 6969 0 8 68 71 1 1 6969 2 14 70 69 69 68 68 69 68 69 69 69 6969 0 8 68 69 1 1 6969 2 12 1 2 69 69 68 68 68 69 69 70 70 69 68 68 6969 0 5 68 69 70 1 1 6969 2 13 1 68 68 69 68 0 68 68 69 70 70 70 6969 68 7 69 71 6969 2 16 1 68 69 68 68 68 69 69 70 70 70 69 69 68 69 68 69 68 69 1 6969 2 16 69 70 6969 68 4 69 69 70 70 70 71 70 70 68 68 68 0 0 1 6969 2 16 69 6969 68 5 69 69 70 69 70 70 70 69 70 69 0 68 1 1 6969 2 16 69 6969 68 5 69 69 6969 70 4 69 69 70 70 68 68 1 6969 2 18 6969 68 5 6969 69 4 6969 70 6 69 2 1 6969 2 17 1 71 6969 68 5 69 69 69 70 70 69 70 70 71 2 2 1 6969 2 18 1 68 68 68 6969 69 5 6969 70 5 1 6969 2 14 1 6969 2 4 1 1 2 1 71 69 68 68 68 69 6969 70 6 71 6969 2 20 1 70 69 69 69 68 68 68 69 6969 70 6 68 2 69 1 1 1 6969 2 11 71 68 0 0 0 69 69 69 68 69 6969 68 4 69 70 70 70 68 71 2 68 68 69 1 6969 2 7 71 69 68 6969 0 6 69 68 69 69 69 6969 68 5 70 70 68 71 2 69 68 68 0 0
    00EA  : 2 6969 2 10 1 1 2 69 6969 0 14 68 70 71 6969 1 4 6969 2 13 69 6969 0 16 68 68 6969 1 5 6969 2 13 69 6969 0 15 68 69 69 6969 1 4 6969 2 12 1 71 68 0 68 68 68 69 69 68 68 6969 0 8 68 6969 1 4 6969 2 13 1 69 68 68 6969 69 5 68 6969 0 8 68 69 1 1 1 6969 2 12 1 71 69 69 68 68 68 69 69 70 69 6969 0 8 68 70 1 1 1 6969 2 13 70 68 68 69 68 69 69 70 70 70 6969 68 4 6969 0 4 69 70 1 6969 2 15 69 6969 68 6 69 70 70 70 6969 68 7 69 69 1 6969 2 16 69 6969 68 5 69 6969 70 4 69 69 69 68 69 70 68 69 1 6969 2 15 69 70 6969 68 5 69 69 6969 70 4 71 69 68 70 0 68 1 1 6969 2 15 71 6969 68 5 69 69 69 6969 70 4 69 69 69 70 0 69 1 6969 2 16 1 69 6969 68 4 69 69 69 6969 70 4 69 69 70 68 0 2 1 6969 2 17 6969 68 5 69 69 69 6969 70 7 68 6969 2 21 6969 68 4 69 69 69 70 69 6969 70 5 6969 2 15 1 6969 2 5 1 6969 68 4 6969 69 4 6969 70 5 71 1 6969 2 21 1 70 69 69 68 68 68 69 6969 70 8 6969 1 4 6969 2 16 69 69 69 6969 68 4 69 6969 70 5 71 70 69 69 1 2 1 6969 2 12 71 68 0 0 69 69 69 70 69 68 68 68 69 6969 70 4 68 2 68 68 68 69 2
    00EC  : 2 6969 2 10 1 1 2 2 1 69 68 69 68 0 0 68 68 68 69 6969 1 9 6969 2 14 71 68 6969 0 12 68 70 6969 1 7 6969 2 12 71 68 6969 0 14 68 68 68 6969 1 6 6969 2 11 1 68 6969 0 15 69 68 69 6969 1 5 6969 2 12 70 6969 0 5 68 68 68 6969 0 9 68 6969 1 5 6969 2 12 1 69 68 69 68 69 69 69 70 68 6969 0 8 68 70 1 1 1 6969 2 13 1 69 6969 68 4 69 69 70 68 6969 0 8 68 70 1 1 6969 2 14 1 69 68 68 68 69 69 70 70 69 68 6969 0 7 68 71 1 1 6969 2 14 69 68 68 0 0 68 68 69 70 70 70 69 6969 68 6 69 69 1 1 6969 2 15 0 68 68 0 68 68 69 69 70 70 69 69 69 68 69 69 70 68 69 1 1 6969 2 15 69 69 69 68 68 68 69 69 69 70 70 70 71 69 68 70 70 0 69 1 6969 2 15 69 69 69 6969 68 4 69 69 69 70 70 71 69 69 70 70 0 68 1 1 6969 2 16 69 6969 68 5 69 69 6969 70 4 68 68 70 69 68 6969 2 19 69 6969 68 5 69 69 6969 70 7 69 69 6969 2 14 1 6969 2 5 6969 68 5 69 69 69 6969 70 6 71 6969 2 21 71 6969 69 8 6969 70 5 1 1 2 1 1 1 6969 2 17 69 68 68 68 0 68 69 69 6969 70 5 71 2 2 1 1 6969 2 18 69 69 69 71 69 68 69 6969 70 7 2 69 71 1 1 2
    00EE  : 2 6969 2 10 1 1 6969 2 9 6969 1 12 6969 2 19 1 69 69 71 71 1 1 2 1 1 2 2 6969 1 6 6969 2 14 1 68 69 68 6969 0 8 69 69 1 2 2 2 6969 1 4 6969 2 13 68 6969 0 15 68 70 6969 1 7 6969 2 10 70 6969 0 15 68 68 0 70 2 2 6969 1 4 6969 2 11 69 6969 0 15 68 69 69 1 2 1 1 1 6969 2 13 68 0 68 68 68 69 69 68 68 6969 0 9 70 1 1 1 6969 2 14 69 69 68 68 68 69 69 70 68 6969 0 8 68 69 1 1 1 6969 2 14 69 68 69 68 68 68 70 69 68 6969 0 8 68 70 1 1 1 6969 2 13 1 69 6969 68 4 69 69 70 69 68 6969 0 7 68 69 2 1 1 6969 2 14 68 68 68 0 68 68 69 70 69 69 6969 68 8 69 1 1 6969 2 15 70 68 69 6969 68 4 69 69 70 69 68 69 68 68 69 70 68 69 1 1 6969 2 15 69 69 6969 68 4 69 69 6969 70 4 71 70 68 70 69 68 1 6969 2 16 71 6969 68 6 69 69 69 70 70 70 69 69 70 69 0 68 6969 2 14 1 2 2 2 71 69 6969 68 4 69 69 6969 70 4 69 69 70 68 68 6969 2 19 1 68 68 71 6969 69 4 6969 70 9 1 2 1 1 1 6969 2 15 70 68 69 70 69 69 70 69 69 6969 70 5 1 2 2 2 1 1 6969 2 17 68 70 68 68 6969 69 4 6969 70 5 71 6969 2 4 1 2 2
    00F0  : 2 6969 2 10 1 1 6969 2 8 6969 1 6 2 6969 1 5 6969 2 20 1 1 6969 2 6 1 1 2 2 6969 1 6 6969 2 18 1 1 2 1 6969 2 5 1 6969 2 4 6969 1 5 2 1 6969 2 12 71 69 68 68 68 0 0 68 69 69 69 6969 1 11 6969 2 12 70 68 6969 0 11 68 68 69 2 1 1 2 2 2 1 6969 2 12 69 68 6969 0 4 68 6969 0 11 69 1 1 2 1 1 1 6969 2 12 68 6969 0 14 68 0 69 69 6969 1 4 6969 2 13 69 6969 0 15 68 68 68 6969 1 4 6969 2 13 1 68 68 69 68 69 69 69 68 6969 0 9 68 71 1 1 1 6969 2 13 69 69 69 68 68 69 69 69 68 6969 0 9 68 69 2 1 1 6969 2 13 69 6969 68 5 69 69 68 68 6969 0 8 69 69 2 1 6969 2 14 6969 68 6 69 69 69 68 68 68 0 0 0 68 68 0 69 69 1 1 6969 2 15 68 68 0 0 68 69 69 69 70 6969 68 4 0 68 68 0 68 68 6969 2 16 71 69 6969 68 4 69 69 69 70 69 6969 68 5 70 0 0 6969 2 14 1 2 2 68 69 6969 68 4 69 69 69 6969 70 5 68 68 68 0 68 6969 2 17 69 6969 68 4 6969 69 4 70 70 70 69 68 70 70 0 68 1 2 1 1 1 6969 2 13 1 6969 68 4 69 69 68 6969 70 4 68 69 70 69 68 2 2 2 1 6969 2 16 6969 68 5 0 0 69 6969 70 7 6969 2 4 1 1 2 2
    00F2  : 2 6969 2 11 1 6969 2 8 1 1 2 1 1 1 2 6969 1 5 6969 2 20 1 1 6969 2 9 6969 1 7 6969 2 18 1 1 6969 2 7 1 6969 2 6 1 1 2 2 1 6969 2 13 6969 1 9 2 2 1 2 1 2 2 6969 1 4 6969 2 15 1 69 68 68 68 0 0 68 68 69 70 71 2 2 2 1 1 2 2 2 1 6969 2 13 70 69 6969 0 11 68 68 68 6969 1 4 2 1 1 6969 2 11 1 1 6969 0 14 69 0 0 69 2 6969 1 4 6969 2 13 69 6969 0 14 68 68 0 69 6969 1 4 6969 2 13 1 6969 0 15 69 68 68 6969 1 4 6969 2 14 70 69 68 68 69 69 69 68 6969 0 9 68 71 2 1 1 6969 2 13 69 6969 68 4 6969 69 4 68 6969 0 8 69 69 2 1 6969 2 14 69 69 6969 68 4 69 69 69 68 68 6969 0 7 69 69 1 1 6969 2 14 6969 68 6 69 69 69 68 6969 0 6 68 0 69 70 6969 2 16 1 69 68 0 0 68 68 69 69 70 6969 68 6 0 0 68 6969 2 14 1 2 2 69 69 6969 68 5 69 70 70 69 6969 68 6 0 68 6969 2 16 69 69 6969 68 4 6969 69 4 6969 70 4 68 68 69 69 0 71 2 1 1 1 6969 2 13 69 6969 68 4 69 69 68 1 70 70 70 69 68 69 69 0 71 2 2 1 1 6969 2 14 6969 68 5 0 0 68 69 70 70 70 68 69 70 68 6969 2 4 1 1 2 2
    00F4  : 2 6969 2 20 1 1 2 1 1 1 2 6969 1 5 6969 2 20 1 1 6969 2 10 6969 1 6 6969 2 18 1 1 6969 2 7 1 6969 2 6 1 1 2 2 1 6969 2 13 6969 1 9 2 2 1 2 1 2 2 2 1 1 6969 2 18 70 69 68 68 68 69 1 1 1 6969 2 5 1 2 2 2 1 6969 2 14 69 69 0 6969 68 4 0 68 0 68 68 68 6969 1 4 2 1 2 1 1 6969 2 11 1 1 68 68 6969 0 5 68 0 0 0 68 0 0 69 69 1 2 2 6969 1 4 6969 2 13 69 6969 0 14 69 0 68 71 6969 1 4 6969 2 13 71 68 6969 0 14 69 68 69 6969 1 4 6969 2 14 70 0 6969 68 4 69 69 68 6969 0 7 69 69 1 2 1 1 6969 2 13 70 69 68 68 68 6969 69 5 68 6969 0 7 69 1 6969 2 16 70 69 6969 68 4 69 69 70 69 68 6969 0 6 68 69 1 1 1 6969 2 14 69 6969 68 6 69 69 69 68 6969 0 5 68 68 69 6969 2 17 68 0 68 0 0 0 68 69 69 70 69 6969 68 7 69 6969 2 14 1 2 2 69 69 68 68 0 0 68 68 70 70 70 6969 68 5 0 0 68 6969 2 17 69 69 68 68 68 6969 69 4 70 70 69 69 68 68 68 69 0 2 2 1 1 1 6969 2 13 68 68 69 68 68 70 70 69 71 6969 70 5 69 69 69 1 2 2 1 1 6969 2 14 69 69 6969 68 4 0 0 71 70 70 70 68 68 71 68 6969 2 4 1 1 2 2
    00F6  : 2 6969 2 20 1 1 2 1 1 1 2 6969 1 4 6969 2 6 1 6969 2 14 1 1 6969 2 10 1 2 6969 1 4 6969 2 18 1 1 6969 2 14 1 1 6969 2 16 6969 1 8 2 2 2 1 6969 2 6 1 6969 2 17 1 69 68 69 68 68 70 1 1 6969 2 6 1 2 2 2 1 6969 2 13 1 69 69 68 0 68 0 6969 68 6 71 6969 1 4 2 1 2 1 1 6969 2 11 1 1 68 68 6969 0 5 68 68 0 0 0 68 0 69 69 1 2 2 6969 1 4 6969 2 13 68 6969 0 12 68 68 68 69 69 2 6969 1 4 6969 2 13 69 6969 0 15 68 69 71 6969 1 4 6969 2 13 1 69 6969 68 5 69 69 69 68 68 6969 0 6 71 2 2 1 6969 2 14 70 69 68 68 68 69 69 69 70 70 70 68 6969 0 5 69 71 6969 2 17 69 69 6969 68 4 69 69 70 71 69 68 6969 0 4 69 69 6969 1 4 6969 2 13 1 69 69 68 68 68 6969 69 4 70 70 68 68 68 0 0 68 69 1 6969 2 17 69 68 68 68 0 0 68 69 69 70 70 70 68 68 68 0 68 69 6969 2 15 1 2 2 69 69 68 68 68 0 68 68 69 70 70 70 68 68 68 69 71 69 6969 2 17 71 69 69 70 70 70 69 69 69 6969 70 4 69 70 68 70 68 2 2 2 1 1 1 6969 2 12 1 68 69 0 70 68 69 68 68 68 6969 70 5 69 69 6969 2 4 1 1 6969 2 14 68 69 68 68 69 68 69 70 69 70 70 70 68 69 71 6969 2 5 1 1 2 2
    00F8  : 2 6969 2 20 1 1 2 1 2 1 2 6969 1 4 2 1 6969 2 19 1 1 6969 2 10 6969 1 6 6969 2 18 1 6969 2 15 1 1 6969 2 15 1 1 71 71 69 69 71 1 1 2 2 2 1 6969 2 6 1 6969 2 14 1 69 69 68 69 0 0 68 0 68 68 68 69 1 6969 2 8 1 6969 2 12 71 68 6969 0 9 68 0 0 68 68 71 1 1 2 1 2 1 1 6969 2 11 1 69 68 6969 0 6 68 0 0 0 68 68 68 69 68 1 2 2 6969 1 4 6969 2 12 70 68 6969 0 15 68 1 2 6969 1 4 6969 2 12 69 68 68 68 6969 0 5 68 68 69 69 68 0 0 0 68 6969 1 5 6969 2 13 69 70 68 69 69 68 68 69 69 70 71 71 71 69 68 0 0 69 6969 2 18 70 69 69 6969 68 5 69 70 70 71 71 69 68 0 69 70 6969 2 18 71 69 69 6969 68 4 69 69 6969 70 4 69 68 68 69 1 6969 2 18 71 68 68 0 6969 68 5 69 6969 70 4 68 68 69 6969 2 19 1 69 0 68 68 69 69 68 68 68 69 69 70 70 68 69 69 6969 2 17 1 2 1 69 69 68 68 70 71 70 69 69 70 70 71 70 70 69 70 6969 2 20 6969 68 4 70 70 70 69 6969 70 7 1 6969 2 4 1 1 1 6969 2 13 6969 68 4 69 70 70 69 6969 70 5 1 6969 2 6 1 1 6969 2 14 68 68 68 0 69 68 68 68 70 70 70 71 1 6969 2 7 1 1 2 2
    00FA  : 2 6969 2 20 1 2 2 1 2 1 2 6969 1 4 2 1 6969 2 19 1 6969 2 12 6969 1 5 6969 2 16 70 69 68 69 69 71 71 6969 2 11 1 1 6969 2 13 1 69 68 69 68 68 6969 0 5 69 1 2 1 6969 2 6 1 6969 2 13 71 68 6969 0 10 68 69 0 69 6969 2 7 1 6969 2 11 69 68 68 6969 0 6 69 6969 0 4 6969 68 4 1 1 2 1 2 1 1 6969 2 11 71 68 6969 0 14 68 68 1 2 2 6969 1 4 6969 2 11 70 68 6969 0 11 68 68 68 0 68 2 1 2 6969 1 4 6969 2 11 68 0 6969 68 5 69 69 69 70 70 71 71 71 69 68 69 2 2 2 1 1 1 6969 2 12 69 0 68 68 69 69 68 69 69 69 70 70 71 71 71 69 68 70 6969 2 18 71 0 6969 68 5 69 69 69 70 70 71 71 70 69 68 1 6969 2 18 68 68 69 68 0 0 0 6969 68 4 69 6969 70 5 6969 2 19 68 70 69 68 0 0 68 68 69 69 69 68 69 69 71 70 71 6969 2 19 69 69 69 6969 68 5 70 71 70 69 70 6969 71 4 6969 2 18 1 2 70 69 6969 68 5 70 71 69 70 70 70 71 70 6969 2 22 69 6969 68 6 69 69 70 70 70 1 6969 2 7 1 1 1 6969 2 13 69 6969 68 4 70 70 69 1 70 70 70 6969 2 8 1 1 6969 2 13 70 6969 68 6 0 68 70 70 71 1 6969 2 8 1 1 2 2
    00FC  : 2 6969 2 20 1 6969 2 4 1 2 2 1 1 1 2 1 6969 2 18 69 68 71 1 6969 2 10 6969 1 5 6969 2 14 71 69 68 0 68 68 0 68 0 68 71 6969 2 9 1 1 6969 2 12 1 69 68 6969 0 11 68 71 6969 2 6 1 6969 2 12 68 0 68 6969 0 10 68 68 68 69 1 6969 2 17 1 68 6969 0 15 68 70 2 1 2 1 2 2 1 6969 2 10 1 68 6969 0 14 68 68 70 1 2 2 6969 1 4 6969 2 10 1 68 0 0 6969 68 5 69 68 69 70 71 71 70 70 68 71 2 1 2 6969 1 4 6969 2 10 71 0 0 6969 68 6 69 69 69 70 70 71 71 71 69 71 2 2 2 1 1 1 6969 2 11 1 0 68 68 69 69 68 68 68 69 69 6969 70 4 71 71 68 6969 2 18 69 0 0 68 68 68 0 68 0 68 69 69 69 70 71 70 71 6969 2 19 68 68 68 69 6969 68 7 69 68 69 69 69 71 6969 2 19 6969 68 11 70 71 70 70 71 1 6969 2 20 69 6969 68 9 6969 70 4 71 1 6969 2 19 1 2 69 69 6969 68 5 0 68 69 70 70 70 71 6969 2 23 6969 68 5 0 0 0 68 70 70 71 1 6969 2 7 1 1 1 6969 2 12 70 6969 68 5 69 69 69 71 70 70 1 6969 2 8 1 1 6969 2 11 71 0 6969 68 6 69 69 69 1 70 1 1 6969 2 8 1 1 2 2
