04 70
10 10 00
04 00
10 10 02
04 FF
10 10 07
04 8F
10 10 08
78 00 34
78 00 21
74 00 14
00 00 00
00
05 10 00
49 10 04
10 10 01
0C 01
09 10 03
9C 10 01
90
7C
05 10 03
51 10 07
8C 00 6B
50 00
8C 00 75
05 10 04
51 10 08
8C 00 7F
50 00
8C 00 89
05 10 05
50 01
8C 00 93
50 02
8C 00 99
05 10 06
50 01
8C 00 9F
50 02
8C 00 A5
7C
34
04 02
10 10 05
38
74 00 42
34
04 01
10 10 05
38
74 00 42
34
04 02
10 10 06
38
74 00 50
34
04 01
10 10 06
38
74 00 50
5C 10 03
74 00 5D
68 10 03
74 00 5D
5C 10 04
74 00 6A
68 10 04
74 00 6A